TST_STAT            
14.532990           
10.226574           
11.101462           
9.380512            
11.314530           
11.846293           
10.421218           
11.001232           
11.582163           
10.456252           
9.837003            
11.567222           
9.624470            
9.211800            
9.375336            
11.039645           
9.943705            
11.531176           
10.621248           
10.417788           
10.286370           
9.602913            
10.661538           
13.766415           
11.021237           
12.908134           
11.510879           
11.487630           
9.921858            
10.932091           
11.325664           
9.900029            
12.247761           
9.944687            
9.785013            
10.938843           
11.430017           
10.289197           
13.918771           
10.569407           
10.125180           
10.345763           
10.024707           
8.277437            
10.761387           
11.505223           
11.818194           
9.525175            
12.155070           
10.287811           
12.026503           
9.877787            
12.789872           
10.005550           
13.829683           
10.995941           
9.820757            
14.766541           
10.858182           
10.031354           
11.083893           
10.330802           
12.868582           
10.065438           
10.831464           
12.382750           
10.080856           
9.470063            
10.509636           
9.781447            
11.433301           
9.902789            
10.401723           
11.986673           
11.222121           
9.616330            
9.172456            
9.670058            
9.718529            
9.604395            
9.572548            
9.232762            
11.062594           
10.060725           
11.362212           
9.508491            
8.974638            
9.785279            
11.735262           
10.133586           
10.018069           
9.842350            
12.217050           
9.209367            
10.786462           
11.273558           
13.879355           
10.233429           
12.933435           
9.799126            
12.996479           
11.128037           
11.839578           
9.747999            
11.278227           
9.755687            
11.359615           
10.629623           
12.952162           
9.372110            
10.935538           
12.378150           
13.333617           
9.893973            
10.287451           
11.540241           
10.568214           
8.632774            
10.519874           
11.766683           
11.289480           
10.262778           
11.236972           
9.081520            
10.780890           
9.778315            
12.531223           
13.593299           
9.787236            
9.882728            
12.160493           
12.449456           
9.923754            
10.900275           
12.267851           
10.209450           
9.740393            
11.274139           
10.380471           
9.258573            
9.740474            
8.921701            
10.843375           
11.173001           
12.493971           
14.212706           
10.552439           
12.240487           
10.647546           
10.570223           
11.056381           
10.421216           
11.191575           
10.081321           
11.454850           
11.103496           
10.173797           
9.683903            
9.346071            
12.332429           
10.131667           
10.519262           
11.290922           
10.679151           
10.020546           
10.534370           
10.285075           
8.720135            
10.910821           
9.849175            
9.483177            
10.283758           
13.166702           
12.492407           
13.621432           
10.422473           
9.193976            
13.965354           
11.616492           
9.234982            
12.507670           
11.629461           
9.417959            
9.280639            
9.983034            
10.681365           
11.518654           
9.159346            
12.160493           
10.888311           
10.055852           
14.723773           
14.774336           
11.591317           
11.642293           
10.045223           
10.547920           
11.316784           
10.591767           
11.357265           
9.975869            
10.810353           
10.450718           
10.132098           
9.741704            
11.134253           
11.195935           
9.965610            
11.963417           
9.003634            
10.706076           
10.762785           
10.046639           
13.515591           
10.880487           
8.583004            
11.531176           
8.823644            
11.744368           
13.716486           
10.260090           
9.707658            
10.220251           
8.838148            
9.232762            
9.413953            
9.368864            
11.778538           
10.280887           
9.332055            
10.474053           
10.603279           
8.452680            
9.849989            
9.907176            
8.734963            
10.720586           
10.182220           
10.179910           
10.873250           
10.427931           
10.673902           
10.274546           
10.061371           
10.016668           
10.880425           
10.106032           
9.890120            
10.689053           
10.010841           
10.078491           
10.520887           
10.766447           
11.885017           
11.033865           
10.523093           
11.661440           
11.098908           
9.736120            
9.457711            
11.752721           
9.882567            
12.752229           
9.956305            
9.552175            
10.229570           
9.858736            
11.645684           
10.053349           
11.053538           
9.239543            
10.138885           
11.471568           
10.832215           
10.947437           
13.632066           
12.641302           
11.666360           
10.697681           
10.228536           
9.359293            
11.686271           
11.017017           
8.808021            
10.599672           
11.001200           
12.218190           
10.092128           
10.929683           
12.691586           
10.220251           
12.166243           
9.107421            
10.917070           
11.811005           
13.258395           
10.364456           
10.740359           
11.829081           
8.859247            
13.871013           
12.803712           
11.802731           
11.739370           
10.735649           
12.994443           
10.077594           
11.818194           
10.343325           
11.762200           
10.422251           
9.439775            
11.001232           
10.207920           
9.830052            
11.959573           
10.424189           
9.582509            
11.818200           
12.493971           
10.105770           
10.325585           
9.730155            
10.391435           
10.369474           
13.758856           
9.590724            
9.899350            
10.456590           
11.907791           
10.451082           
9.346071            
9.923958            
11.778059           
9.927963            
9.461135            
10.427931           
10.450829           
11.296590           
9.840895            
9.793534            
9.508590            
10.286801           
10.094929           
10.454574           
9.119347            
10.534463           
9.921906            
11.266081           
9.780676            
10.663893           
10.055852           
10.910664           
11.669489           
9.242821            
10.127500           
9.844175            
10.602181           
10.803495           
9.981774            
11.647494           
12.030453           
13.977330           
11.150609           
11.679091           
8.848997            
11.596091           
9.856911            
10.568436           
10.041176           
13.339540           
10.816937           
9.923115            
12.425712           
10.573697           
10.089835           
9.651193            
10.858950           
9.982652            
12.365613           
9.435998            
9.433850            
9.969916            
9.526746            
10.132697           
10.760130           
10.585457           
12.715763           
10.326347           
10.772286           
10.098297           
12.120819           
11.096020           
9.801551            
9.794165            
10.078123           
11.312463           
10.953081           
12.358215           
10.658047           
10.456595           
11.814599           
9.058835            
8.419417            
10.143932           
10.139782           
10.625819           
14.424751           
9.510297            
10.198194           
11.413641           
10.440195           
10.271231           
11.679091           
9.459268            
10.482847           
9.588811            
9.349877            
15.763785           
9.220276            
12.042857           
10.519691           
9.994637            
11.582401           
13.551238           
9.492826            
10.889416           
11.120916           
10.476793           
12.402483           
10.615450           
10.861792           
9.214089            
9.963820            
12.488803           
9.505934            
11.929624           
11.045162           
10.668977           
9.038576            
9.908922            
9.998957            
10.021658           
11.612743           
10.400645           
9.297262            
10.984362           
16.089826           
9.219237            
10.572323           
12.244123           
10.086467           
9.519156            
9.881331            
15.809874           
12.411937           
11.250956           
9.766576            
8.805853            
11.517337           
9.136811            
9.313933            
10.892884           
9.440907            
11.205971           
11.029124           
10.580012           
13.276983           
12.551529           
9.439775            
12.028069           
13.219199           
11.758615           
9.637512            
10.091108           
10.051346           
11.387849           
9.930856            
10.149979           
10.060725           
9.143973            
10.172954           
12.353020           
11.896562           
9.757656            
14.032684           
10.236929           
9.586115            
14.515187           
9.899350            
11.882379           
10.200372           
10.762136           
11.510879           
9.525119            
10.891860           
9.649433            
10.468048           
11.594070           
8.788500            
9.703270            
13.247475           
15.890162           
10.291171           
11.946122           
9.071996            
9.627789            
10.132697           
10.608561           
10.173110           
10.022942           
11.600285           
9.671820            
14.297794           
9.784333            
10.533257           
9.406134            
10.636525           
10.597761           
12.564109           
11.342009           
11.487732           
10.862930           
11.985228           
10.664391           
9.176175            
10.834718           
12.870770           
11.281236           
10.780718           
12.486026           
12.437765           
10.947364           
11.672699           
10.709168           
12.092965           
10.291394           
11.265534           
10.343711           
9.471885            
10.041176           
9.842014            
10.738101           
11.447781           
9.596764            
9.219237            
10.590456           
11.790376           
10.499836           
9.768514            
10.193022           
11.495889           
8.787451            
9.498862            
10.198194           
10.396030           
9.803699            
11.348938           
9.799118            
10.828285           
10.753976           
11.623119           
11.060379           
10.535426           
12.471285           
13.317759           
9.616330            
10.486477           
9.316095            
10.410774           
12.271735           
9.159346            
11.704764           
11.833341           
11.985794           
9.412383            
10.200372           
11.411331           
11.042658           
10.404958           
13.299815           
9.439895            
10.354816           
11.474315           
10.800986           
11.427289           
9.506756            
11.499436           
10.989647           
12.948519           
10.993035           
10.809279           
9.917299            
11.065639           
12.987539           
11.452617           
9.797777            
11.758197           
9.729411            
11.017017           
11.039353           
11.151988           
11.028140           
10.632596           
10.734635           
9.626825            
11.005240           
11.174313           
10.299258           
9.393952            
9.524949            
8.948909            
11.235873           
10.283510           
12.535474           
11.105632           
10.505970           
12.768123           
10.141671           
9.491212            
9.775151            
15.890135           
10.424189           
12.530802           
11.413641           
10.653180           
11.397928           
14.263581           
12.223654           
9.905490            
9.780676            
11.083893           
12.678101           
10.452073           
13.139318           
11.010975           
9.517933            
11.582401           
10.436330           
9.824247            
11.468180           
9.981774            
10.340268           
11.044321           
9.400283            
12.007913           
10.527556           
10.512583           
13.129403           
10.338831           
10.375671           
11.776319           
12.446661           
10.567504           
10.502861           
10.843893           
9.110980            
12.009736           
9.433097            
11.251457           
11.011182           
10.445270           
10.345511           
10.417959           
11.499361           
11.090328           
9.989585            
9.327340            
12.531258           
12.865372           
9.961293            
10.285429           
10.621847           
9.566527            
10.237963           
10.302626           
10.592896           
11.961487           
10.801549           
12.800497           
10.081321           
11.685995           
10.260415           
10.960276           
11.556145           
12.032606           
12.180850           
11.552732           
11.029124           
10.340347           
10.659898           
10.784397           
9.145722            
11.249333           
11.046403           
10.258944           
8.181859            
10.909465           
10.299258           
10.661176           
9.684149            
10.225329           
9.330237            
9.125923            
11.038315           
10.116424           
9.023597            
9.379077            
11.387686           
11.134613           
10.241774           
11.616019           
9.931277            
11.001200           
10.081321           
10.339686           
11.285730           
9.099689            
9.301137            
10.155891           
10.631949           
11.029124           
10.345511           
10.823511           
10.987604           
12.119160           
11.721408           
9.698276            
11.929392           
10.428497           
10.408958           
10.054783           
11.231657           
11.563693           
9.287292            
12.140774           
11.141437           
10.929610           
10.731174           
11.105876           
11.050934           
10.037196           
12.228865           
15.225270           
9.048538            
13.158849           
10.261426           
11.812489           
9.493843            
9.931277            
10.057456           
9.931277            
10.545855           
11.830685           
10.647614           
12.358180           
12.640205           
12.223197           
10.034164           
10.965300           
11.570390           
16.148214           
10.064717           
11.005585           
11.139033           
8.872918            
9.442835            
9.714935            
10.740373           
10.570223           
9.167105            
10.701145           
10.656746           
10.123183           
13.657815           
14.104519           
9.861279            
11.026306           
9.329902            
13.072879           
11.394220           
10.735649           
11.439597           
9.143640            
10.220805           
14.497289           
11.102641           
8.971948            
11.055084           
11.414609           
11.314977           
10.742241           
9.643573            
11.513350           
12.019385           
9.543252            
9.238371            
10.454574           
11.849808           
13.005246           
11.355665           
10.260706           
10.953036           
12.495945           
12.004265           
12.828892           
12.263085           
11.421205           
11.135271           
9.446479            
9.395713            
11.655959           
11.776319           
11.319981           
11.608217           
16.139138           
8.325036            
10.986099           
10.743254           
9.342776            
12.534521           
10.198194           
14.652505           
11.038686           
11.813311           
9.587974            
9.401443            
11.522407           
11.800150           
9.943705            
10.817008           
9.677099            
10.445342           
10.608803           
13.470987           
10.806183           
9.622407            
10.350288           
11.635944           
11.938956           
11.503785           
11.059533           
11.344357           
11.395446           
9.975130            
10.146664           
9.635498            
12.712459           
11.216976           
9.342776            
8.893820            
11.452617           
10.522214           
9.551780            
11.006631           
10.302182           
9.856959            
10.029087           
9.880617            
11.139033           
10.735905           
9.550414            
11.056381           
9.537234            
11.753177           
10.909927           
10.035804           
10.816576           
10.909465           
9.834481            
10.852294           
9.236279            
9.998206            
9.715401            
13.474564           
10.281559           
8.374435            
9.974007            
9.653256            
11.431744           
11.634901           
10.685663           
11.817462           
10.671813           
10.018318           
12.032606           
10.254495           
10.614271           
10.396478           
10.202683           
10.467270           
11.036938           
12.431523           
9.275549            
8.921098            
10.818120           
11.412145           
11.293892           
9.956630            
10.169841           
11.307348           
9.834481            
10.445342           
13.115400           
10.858950           
11.724814           
9.167105            
10.828728           
10.750117           
12.075282           
10.162048           
9.851312            
11.280530           
12.358871           
9.249857            
12.394340           
9.620154            
10.200372           
10.707312           
10.166250           
12.081941           
10.236929           
11.783619           
10.005550           
10.794223           
10.382222           
12.733775           
10.133586           
9.107421            
12.439993           
12.472160           
11.706171           
11.400954           
10.572054           
10.656746           
10.355928           
12.034586           
11.375165           
10.316743           
9.483199            
11.023909           
10.400645           
9.935272            
9.841517            
14.009281           
10.132697           
11.076397           
10.158811           
12.470462           
10.001051           
10.380688           
9.724628            
10.744777           
10.372704           
10.414340           
13.082900           
11.337361           
9.605633            
11.300337           
11.535489           
10.284865           
9.905793            
10.878951           
8.864924            
9.685972            
10.493899           
9.366441            
10.762136           
11.341352           
9.585161            
10.055852           
10.882709           
11.348938           
10.739956           
10.336400           
10.314786           
12.800759           
12.769091           
10.590311           
12.554844           
8.896278            
11.612759           
11.961487           
10.625943           
9.514164            
10.370179           
12.180439           
12.789906           
10.713648           
9.755687            
9.078525            
10.328093           
9.834481            
10.336400           
13.198623           
10.398476           
10.707312           
9.757729            
12.080799           
