TST_STAT            
7.080109            
7.005482            
8.233284            
7.051967            
7.118840            
8.854697            
7.164969            
6.357626            
7.032730            
6.187629            
8.254708            
6.500537            
7.365113            
5.546332            
6.358506            
6.801334            
6.955011            
7.767467            
6.429295            
6.997761            
6.357626            
6.644101            
6.439910            
8.290764            
8.814527            
9.956848            
7.352353            
6.504908            
7.773435            
7.428206            
7.860223            
6.166410            
8.008558            
7.108823            
6.509681            
6.381266            
6.790718            
7.659343            
6.732854            
7.195156            
6.452896            
6.006608            
6.963077            
6.745585            
6.492956            
6.801334            
6.962498            
7.108506            
7.809428            
6.739072            
7.638743            
6.790718            
8.536167            
6.296768            
7.352353            
6.371160            
6.497486            
6.405072            
10.659603           
6.444501            
7.727670            
7.760028            
8.410847            
7.651089            
8.493908            
7.246160            
6.407878            
7.337364            
5.902055            
6.646175            
6.900452            
6.997761            
7.246160            
9.538046            
6.290029            
6.254689            
11.253055           
6.928692            
7.438557            
9.789996            
6.381266            
9.211184            
6.381266            
5.885975            
6.698461            
7.455234            
6.448720            
7.179263            
8.123560            
7.773435            
7.428206            
5.869713            
6.794687            
7.791410            
8.090405            
8.118648            
7.026301            
9.697260            
7.609937            
7.196720            
7.026301            
6.328518            
6.151738            
7.463881            
8.420323            
7.969023            
6.177667            
7.462652            
9.340184            
8.821991            
8.233284            
7.337364            
7.253255            
7.806247            
5.920479            
8.363722            
8.563455            
6.333089            
6.892144            
7.679322            
7.970637            
6.969647            
7.719272            
7.559619            
6.412217            
10.172802           
6.419109            
6.429295            
6.489555            
5.415789            
7.949246            
10.516533           
9.520210            
7.246160            
6.448720            
7.460562            
6.801334            
8.276346            
6.317508            
6.429295            
9.220401            
8.156873            
7.760028            
9.523851            
9.363840            
6.268052            
5.863540            
7.902449            
7.381258            
7.086732            
7.071099            
6.790467            
6.601158            
8.813363            
6.318100            
8.690561            
7.357552            
6.489555            
6.489555            
8.047014            
6.333089            
7.032730            
6.310623            
6.704566            
8.740047            
6.181606            
7.943238            
7.545260            
7.832182            
5.792569            
9.299964            
7.460562            
6.262458            
6.578600            
6.362988            
7.361239            
8.107086            
6.609519            
6.357626            
8.679073            
6.380897            
7.860223            
7.023717            
7.977915            
8.545931            
8.233284            
8.151218            
7.809001            
7.401136            
9.081609            
7.755676            
7.182840            
6.606202            
7.923075            
7.694858            
6.786549            
7.760028            
7.773910            
6.380897            
5.873873            
7.522340            
5.896558            
8.881581            
6.721379            
8.166773            
8.295475            
6.704566            
6.897989            
5.546332            
7.109675            
6.630952            
5.640939            
6.575705            
7.760028            
7.362859            
7.047399            
7.365113            
8.687079            
7.949996            
8.366495            
6.405499            
8.269486            
7.032730            
7.138050            
9.214701            
6.477363            
7.032730            
8.224755            
7.633527            
6.486524            
9.928968            
7.521179            
6.249946            
6.327307            
6.848423            
9.301922            
7.583196            
6.801334            
7.937638            
7.352353            
7.376840            
10.057198           
8.283410            
7.056016            
5.962484            
8.856705            
7.179263            
8.595679            
7.028725            
8.044702            
7.949246            
8.267475            
8.420255            
7.555970            
6.631644            
7.580117            
6.043033            
8.911139            
7.443063            
7.346018            
6.068570            
7.118840            
7.337364            
8.853694            
7.900300            
7.133870            
10.920048           
7.292686            
9.228755            
8.468749            
7.398321            
7.059002            
7.220783            
7.305365            
8.437731            
7.398158            
8.015585            
7.395776            
8.485758            
8.177577            
6.381266            
7.080109            
6.918097            
8.932805            
8.788406            
7.323553            
7.949246            
7.352353            
7.767467            
6.401965            
6.060798            
7.398158            
6.449999            
8.639200            
5.774754            
6.857453            
6.328518            
8.168481            
6.424549            
8.181853            
7.027041            
8.873651            
7.584047            
6.722213            
7.456807            
6.335085            
8.503010            
7.438939            
7.299988            
7.179263            
6.127990            
7.706411            
7.066662            
7.299765            
6.732854            
7.328719            
8.238979            
7.057405            
7.635181            
9.467834            
7.977915            
7.209238            
6.043033            
7.845318            
7.032730            
7.767467            
5.945674            
7.013242            
7.485648            
7.030737            
6.612696            
8.483841            
11.950564           
6.781251            
6.486524            
9.211184            
8.580014            
6.989421            
6.370728            
7.768090            
6.997931            
9.467038            
7.337364            
6.404663            
6.606103            
7.638743            
9.387494            
6.290545            
6.864289            
8.239917            
7.776437            
7.255782            
7.806776            
7.937638            
6.100486            
8.454405            
6.513356            
6.646175            
7.727350            
6.518592            
7.504971            
6.711824            
6.801334            
6.859865            
6.572643            
6.207884            
7.545260            
7.196720            
7.775919            
6.492956            
8.507442            
6.777713            
8.793192            
6.848423            
5.139840            
8.814527            
8.051475            
7.158120            
7.767467            
10.752170           
6.699630            
6.092117            
8.012339            
6.909072            
7.365057            
7.051895            
6.599358            
8.447604            
6.429295            
7.841779            
9.612935            
8.008558            
8.056831            
6.722821            
7.032730            
7.440024            
7.475210            
9.470265            
8.237915            
7.540705            
7.580117            
6.448720            
7.555970            
6.050602            
7.051895            
6.226049            
7.773435            
6.063193            
7.937638            
5.875170            
6.905579            
6.170066            
7.016188            
6.868351            
9.771269            
5.592916            
7.702871            
8.234246            
9.413384            
7.977915            
6.781251            
8.550738            
6.262458            
6.723348            
9.392755            
6.655705            
8.814527            
5.954008            
7.033363            
8.183334            
7.949246            
9.242216            
7.352353            
8.814527            
5.716586            
7.292686            
7.776437            
6.963881            
7.362859            
8.533395            
7.576949            
7.437672            
7.151668            
9.730375            
7.161142            
8.012339            
5.813420            
10.867913           
9.416428            
8.814527            
6.955013            
9.302057            
6.448720            
9.027592            
6.266561            
6.193746            
8.880388            
5.281163            
6.781137            
7.065358            
7.746365            
6.766312            
8.535738            
5.980157            
7.736557            
8.601612            
8.242231            
9.741633            
6.542556            
7.441041            
9.069750            
7.246160            
6.872744            
8.445529            
6.719592            
6.358506            
7.304831            
8.606843            
6.785780            
8.850320            
7.032730            
7.460562            
7.292757            
9.620737            
6.262458            
6.445568            
8.220451            
7.109675            
6.503722            
6.815539            
6.486524            
7.522252            
6.948878            
7.513774            
7.597108            
7.662014            
6.722213            
7.793532            
7.260983            
6.496604            
6.405072            
8.065591            
8.304723            
5.836123            
6.422172            
7.833050            
6.718734            
6.005311            
6.346486            
7.032730            
8.505283            
10.041961           
6.371160            
7.811517            
6.886685            
6.262458            
6.381266            
6.918097            
7.257029            
7.513774            
7.651089            
7.767467            
7.773910            
7.697202            
6.702005            
6.723348            
7.710166            
7.309635            
7.453753            
7.764372            
7.343365            
7.631651            
7.075694            
5.978937            
6.146297            
7.580117            
6.925859            
7.750804            
6.704566            
6.395578            
6.328518            
7.412856            
6.595560            
7.776437            
6.948878            
7.750622            
7.958012            
5.858380            
8.692796            
6.661379            
6.498954            
7.902449            
6.429295            
6.254689            
6.310623            
8.081048            
7.857450            
7.047811            
9.058025            
8.895368            
8.752652            
10.879575           
6.330432            
7.339037            
6.749546            
7.210710            
8.133669            
6.850577            
6.377545            
6.308741            
6.102485            
7.861865            
6.781251            
8.355124            
6.457764            
5.934647            
7.555970            
6.435017            
6.820044            
8.295475            
6.619804            
6.152795            
6.513356            
5.918739            
10.981784           
7.850993            
8.444122            
7.851858            
6.785780            
7.463792            
7.352353            
7.413016            
6.429295            
6.636312            
6.579057            
7.032730            
8.233284            
7.049162            
6.118516            
7.246160            
6.606103            
7.767467            
6.801334            
6.370728            
6.429295            
6.457764            
6.571307            
10.685934           
7.103942            
8.049916            
7.618547            
6.857453            
10.245026           
6.704566            
10.752627           
7.136495            
8.671432            
7.033363            
6.972184            
6.963881            
7.032730            
7.209238            
6.405072            
6.043033            
6.821025            
6.866176            
7.463881            
7.365113            
6.861299            
5.916795            
7.504971            
6.254689            
9.886234            
6.748531            
6.180674            
9.812225            
6.492956            
7.458087            
6.801334            
5.869713            
7.032730            
7.845318            
8.057064            
8.239917            
6.419153            
6.045701            
7.288247            
6.857453            
7.760028            
7.475210            
6.809049            
8.186912            
8.267475            
6.086203            
7.047811            
6.578373            
6.486524            
6.744239            
6.817282            
7.165191            
6.630060            
7.066662            
7.024394            
8.752652            
5.916795            
7.425623            
7.536480            
7.118840            
7.841779            
6.504908            
5.916795            
7.760028            
7.080823            
7.248805            
6.514954            
6.872744            
7.332331            
6.247103            
6.475094            
6.290545            
7.902449            
7.977915            
9.776153            
6.963881            
9.905911            
8.267475            
6.357626            
9.812225            
10.028007           
7.760028            
7.120381            
5.739702            
9.541754            
7.750622            
9.719251            
6.968392            
6.262458            
10.653076           
6.207884            
6.254689            
6.381266            
6.523539            
8.768113            
7.108506            
6.783951            
7.954266            
7.323553            
9.291895            
7.760028            
8.702893            
7.534887            
6.086203            
6.801334            
9.812597            
7.902449            
6.124937            
6.778746            
7.339037            
8.118648            
6.848423            
6.357626            
6.661379            
7.718283            
6.525876            
6.926347            
7.695710            
6.936380            
7.437427            
7.457641            
7.151668            
7.209238            
6.810070            
6.419109            
8.729417            
7.407324            
7.080109            
9.145338            
6.164391            
9.340002            
7.305116            
6.786549            
6.219169            
8.780174            
7.153753            
6.381266            
6.405499            
6.880298            
7.198649            
6.848423            
9.873279            
7.212277            
6.801334            
7.047811            
6.290029            
7.011210            
6.371257            
7.352353            
6.949194            
6.377545            
7.670040            
8.220451            
8.679073            
8.859841            
7.977915            
6.606103            
6.844952            
7.079901            
7.539799            
6.872687            
8.012339            
6.305103            
6.061888            
6.858833            
8.508003            
7.219957            
8.183334            
5.940103            
7.152229            
8.261948            
6.662797            
6.429295            
7.305365            
5.820202            
6.704566            
7.972557            
5.756314            
5.686184            
9.077767            
6.357626            
6.269250            
7.406904            
6.886685            
6.913503            
8.483841            
8.016383            
9.757736            
7.833050            
7.191187            
6.635996            
6.262458            
8.329824            
6.302687            
9.697260            
8.065591            
8.324580            
7.340548            
7.196720            
7.398158            
8.054639            
6.795233            
6.997761            
7.057405            
6.675171            
7.527840            
6.961607            
7.435745            
6.991235            
8.988851            
6.552054            
6.864289            
5.942966            
6.539480            
8.324580            
8.086224            
8.645780            
9.181776            
8.686887            
7.255903            
6.371160            
8.290599            
6.609900            
8.053423            
9.046761            
6.219169            
10.178461           
6.207884            
6.850577            
6.646175            
8.252704            
5.631531            
6.424783            
7.080109            
7.199265            
7.883001            
6.801334            
8.140744            
8.267475            
5.789671            
6.396624            
7.815408            
8.436493            
7.030737            
5.842853            
9.282600            
7.808320            
8.425182            
7.540705            
6.496120            
6.942397            
7.871529            
7.209238            
7.448179            
6.795946            
7.001706            
6.496120            
7.109675            
6.269492            
8.563455            
7.246160            
8.038228            
7.094124            
6.067579            
7.292686            
9.467038            
8.418950            
6.963881            
9.055431            
7.216246            
7.970637            
10.373280           
9.064452            
8.128368            
7.776160            
8.187092            
6.484610            
6.303152            
7.357626            
11.174494           
8.040821            
7.488373            
7.253186            
7.298729            
8.669831            
7.498179            
6.850577            
6.732854            
6.711190            
6.950438            
6.995720            
7.746889            
6.050602            
7.061186            
7.199265            
7.853382            
5.701310            
7.558925            
7.382542            
8.054160            
6.409337            
6.948878            
7.970637            
5.679142            
9.187860            
6.753038            
6.745219            
8.649707            
5.946054            
5.885975            
6.085011            
6.722213            
8.378735            
10.558990           
7.253186            
7.201737            
6.446288            
7.983486            
6.513356            
8.982296            
8.525727            
6.492956            
8.605538            
7.949246            
6.616597            
6.704566            
6.881762            
6.799591            
8.873651            
8.093383            
9.078118            
9.074731            
8.459427            
7.398219            
8.378735            
6.193746            
8.988851            
6.357626            
8.514708            
7.088116            
6.858833            
7.621736            
6.671416            
7.627980            
6.102485            
7.288247            
6.731090            
6.271361            
7.196720            
7.947345            
6.564630            
7.509320            
6.638568            
7.531761            
7.673310            
7.069272            
6.841062            
8.107766            
6.496033            
6.917847            
7.246160            
8.270933            
8.044702            
7.023717            
7.787055            
7.323553            
7.352353            
7.177110            
6.495334            
7.236819            
7.498006            
7.210577            
9.134547            
9.382109            
6.382818            
8.775404            
6.630060            
6.002039            
6.429295            
7.949246            
6.810129            
7.583196            
10.163745           
6.661379            
8.464831            
6.666141            
7.971208            
7.032730            
6.328866            
8.290333            
6.864289            
