TST_STAT            
8.355609            
7.113310            
6.048806            
5.644782            
8.752695            
6.082010            
6.852792            
6.231825            
7.839342            
6.596797            
6.672996            
6.496261            
8.055400            
6.299632            
6.380723            
6.680604            
7.611668            
8.213742            
7.788769            
6.478691            
6.298868            
6.624509            
7.192979            
7.458840            
6.077810            
6.988340            
7.458840            
9.355668            
7.984317            
7.459400            
8.852005            
7.076093            
6.758528            
6.667982            
7.551737            
6.821876            
6.497186            
7.808472            
7.064003            
7.956913            
7.189660            
7.045931            
6.870859            
5.808846            
8.086219            
6.107290            
6.916369            
6.337206            
7.890856            
6.411664            
6.939497            
6.684984            
7.906690            
6.481397            
7.014479            
7.076093            
7.254775            
7.502696            
9.855121            
5.953164            
7.502696            
6.141511            
7.906280            
6.924688            
7.693706            
7.476461            
6.611679            
6.391721            
6.887882            
5.880443            
6.548781            
6.966562            
7.629772            
8.746896            
9.006079            
8.505860            
6.818677            
8.103048            
6.243037            
6.966562            
7.694345            
9.521530            
5.944414            
6.611829            
6.006387            
6.335636            
7.014479            
9.325998            
9.157933            
6.279128            
7.560274            
7.870522            
7.723245            
7.235536            
7.986103            
6.478691            
7.757680            
6.523383            
6.901162            
8.079218            
8.336570            
7.834111            
5.890318            
8.988555            
8.414671            
7.993338            
8.825661            
6.326328            
7.026415            
7.521953            
6.439151            
7.252849            
8.470083            
8.281702            
5.825811            
6.119283            
6.569196            
6.250091            
7.453698            
7.167389            
6.771135            
6.032562            
7.407909            
6.047806            
6.928233            
6.901162            
6.171507            
7.202909            
6.198035            
7.699826            
7.502696            
7.520247            
8.025315            
6.680604            
8.490772            
7.297999            
7.993338            
6.803454            
6.131053            
5.994534            
6.523383            
6.442365            
6.776299            
9.992555            
7.423256            
8.770343            
6.846164            
6.329467            
8.173191            
7.150630            
7.553763            
5.657898            
6.204891            
7.066734            
7.732904            
6.928233            
7.677267            
6.862610            
6.050678            
5.097222            
7.940776            
8.272894            
7.131106            
9.883993            
7.995972            
5.999375            
8.589793            
7.555261            
6.298868            
6.853780            
6.420979            
6.592779            
6.822468            
6.405158            
6.822468            
7.353670            
8.122753            
8.903410            
7.870522            
7.549567            
7.726004            
6.749205            
7.224178            
7.521953            
7.278394            
6.776299            
6.906203            
8.998839            
7.858382            
6.103587            
6.060017            
7.894392            
6.007292            
6.364405            
6.443242            
6.751674            
6.541963            
7.082830            
8.185248            
6.788970            
6.978547            
7.041031            
6.140548            
6.640566            
7.679542            
10.059079           
7.297999            
7.242507            
7.637768            
9.799037            
7.298949            
7.819130            
6.877077            
7.458120            
7.451738            
8.534663            
6.986453            
6.840128            
6.475250            
7.625626            
10.033711           
6.075506            
6.624509            
7.255469            
7.365177            
8.640925            
7.663957            
6.713247            
7.158728            
10.267009           
7.036314            
7.686092            
5.427752            
9.518900            
7.651153            
6.189931            
7.693706            
6.496261            
7.506747            
6.353067            
5.602026            
7.348486            
6.516378            
8.730082            
6.196681            
6.711954            
7.458840            
7.458840            
6.928233            
7.217340            
8.419400            
7.775184            
6.902499            
6.841582            
7.965490            
7.097607            
8.298615            
7.358522            
7.520777            
11.980488           
7.775184            
5.923869            
9.529976            
6.893797            
6.075506            
7.527993            
7.723002            
7.734372            
6.753203            
10.662863           
5.410518            
6.270435            
5.955402            
8.531528            
6.602660            
5.951363            
6.070137            
6.596756            
6.753203            
7.475593            
6.340743            
7.513570            
9.188582            
6.000263            
7.696626            
6.933213            
7.408491            
6.261758            
7.838823            
6.363596            
6.075506            
7.135911            
6.901162            
6.604540            
6.304992            
5.678787            
6.892725            
6.774475            
6.629042            
6.314725            
8.279693            
7.159223            
8.972584            
6.851473            
6.001492            
6.686844            
6.981943            
6.189955            
6.978547            
7.135911            
6.899888            
6.788970            
6.420979            
6.497186            
7.243800            
6.610402            
6.672201            
7.972890            
6.353992            
7.690032            
6.028694            
6.841582            
10.808737           
6.713247            
6.520883            
6.540512            
7.030689            
5.999375            
10.079303           
7.076093            
7.989514            
7.908672            
6.711954            
8.744171            
6.298868            
7.905937            
7.908672            
6.622866            
6.916369            
6.978989            
8.700013            
6.220465            
6.338079            
7.611668            
6.068204            
6.171507            
6.715476            
6.933213            
7.508938            
6.323074            
6.776299            
9.190570            
7.710815            
7.020823            
8.281702            
8.008988            
9.602958            
6.490319            
7.272305            
6.841582            
8.086540            
7.076093            
7.911960            
7.995820            
6.892725            
8.736888            
6.000263            
5.777472            
5.528723            
9.069936            
8.154178            
7.415102            
6.680604            
12.360446           
6.977410            
6.606734            
6.624509            
6.758528            
6.011383            
7.014479            
8.086219            
6.627399            
6.513747            
8.526407            
6.616928            
7.297999            
7.064461            
6.940925            
6.909673            
6.966562            
7.620284            
6.499907            
6.298868            
6.969642            
7.475593            
5.923202            
6.846381            
8.418486            
6.550859            
6.769732            
6.680604            
8.012207            
7.502696            
6.769732            
8.103534            
7.943887            
7.036314            
7.198711            
7.450398            
6.298868            
7.348486            
8.586388            
8.916351            
6.007292            
6.493109            
6.000263            
6.725810            
6.514280            
6.414991            
8.074321            
7.728039            
6.877077            
8.831522            
7.230437            
7.414449            
6.910999            
6.001492            
6.324726            
6.478691            
8.163961            
7.719539            
7.663957            
5.681948            
8.074321            
7.506747            
6.841582            
9.530056            
9.004918            
7.310889            
11.598826           
6.966562            
5.792340            
8.103048            
6.640566            
7.184659            
6.103587            
6.822468            
6.981943            
7.184659            
6.929880            
6.817355            
5.947986            
6.892393            
8.400812            
6.072445            
6.784146            
7.484733            
7.966698            
8.640925            
6.762624            
6.772874            
5.733809            
7.348287            
6.776299            
7.913205            
9.423556            
8.185792            
9.299311            
6.169149            
5.794126            
9.998418            
6.496261            
6.338079            
5.979100            
6.680604            
6.680604            
8.218595            
6.452583            
7.298949            
9.428772            
7.131106            
9.283651            
6.150432            
7.926949            
8.748255            
8.624843            
7.192663            
8.091811            
6.688587            
6.952866            
7.657360            
6.298868            
7.205494            
7.455073            
6.533340            
7.139611            
7.723002            
7.858470            
8.734768            
6.892393            
8.675706            
7.792138            
5.722035            
7.076093            
5.381458            
6.071319            
7.252849            
6.354131            
7.192979            
9.369504            
6.189955            
7.198711            
9.286272            
6.110398            
6.723893            
7.947733            
6.916369            
6.070137            
8.671822            
8.245400            
6.170284            
7.036314            
6.411664            
8.287112            
8.589793            
6.952475            
6.677769            
6.585986            
10.292262           
6.667982            
6.391721            
8.291739            
6.784146            
7.409698            
7.044780            
7.576932            
7.834111            
5.822242            
9.340614            
8.086219            
7.049191            
10.120585           
6.658716            
7.184172            
6.711954            
7.270945            
7.629772            
7.198976            
7.184172            
6.686844            
7.135911            
6.776299            
7.191026            
7.101772            
10.527676           
6.853780            
7.699826            
6.629502            
6.558748            
7.192663            
6.749745            
7.662487            
11.168158           
7.475593            
6.776299            
7.423256            
6.624509            
5.421252            
7.505393            
7.076093            
7.703886            
7.353626            
6.299632            
7.285814            
6.110398            
6.889774            
7.205494            
6.970507            
7.516995            
7.520919            
6.913207            
9.566578            
7.502696            
9.014965            
6.333608            
6.600391            
7.861748            
6.933213            
5.844368            
6.913207            
7.474154            
6.035630            
8.761671            
7.363140            
6.557617            
8.170597            
6.170895            
7.989514            
6.443242            
6.130976            
8.423091            
5.957006            
6.562141            
5.861794            
8.460644            
7.456526            
7.830140            
5.987273            
6.629502            
8.435196            
7.026122            
7.742472            
7.911960            
8.036437            
9.082704            
5.960037            
7.458840            
8.925045            
6.000263            
5.902563            
7.459400            
5.694289            
6.163020            
6.966562            
7.981195            
8.792722            
6.701350            
5.919220            
8.643145            
7.064075            
6.441433            
8.244722            
7.649826            
8.129313            
8.281702            
6.137111            
6.071516            
7.389020            
6.232175            
7.278394            
7.109696            
7.661424            
7.300257            
6.232045            
5.523579            
6.840357            
7.650678            
6.418068            
8.758300            
7.560274            
6.596797            
6.443417            
7.527993            
6.516378            
6.201094            
7.688838            
6.048904            
7.396127            
6.171507            
6.822468            
6.338079            
7.104375            
7.158728            
9.315136            
7.483951            
6.032872            
7.316431            
7.374496            
8.633779            
6.637134            
6.751674            
7.397173            
9.992555            
6.774471            
8.093227            
6.978989            
6.082041            
7.776596            
6.680604            
6.046641            
6.169149            
8.580863            
7.959814            
7.256168            
6.103587            
6.000263            
6.933213            
7.511591            
6.613381            
7.458840            
7.489650            
9.355668            
8.415590            
6.822468            
7.703886            
6.499530            
7.493591            
7.842137            
7.316431            
6.777372            
6.812223            
7.560274            
7.414449            
7.637768            
7.986103            
8.241528            
6.776218            
6.103587            
8.170597            
6.028415            
7.014479            
5.581142            
8.857592            
7.890856            
6.713247            
7.549367            
7.734372            
6.680604            
6.470709            
6.559627            
6.680604            
8.036437            
7.348722            
6.905833            
7.517792            
7.235536            
7.159223            
7.516995            
6.035630            
7.520247            
6.928233            
5.960037            
8.419119            
6.715476            
9.025607            
8.281702            
7.298949            
7.905957            
6.913207            
10.120251           
8.086219            
8.028130            
7.553763            
7.159223            
8.129313            
7.520919            
6.982701            
6.889065            
6.680604            
5.452727            
6.715544            
7.794578            
7.014479            
6.751674            
9.205216            
6.265503            
7.905957            
7.418132            
6.585986            
7.348722            
7.452232            
5.859948            
7.109696            
6.933213            
8.632467            
6.751674            
7.325688            
6.496261            
8.281702            
7.905937            
6.892725            
6.007292            
11.643347           
6.707369            
6.059352            
6.632022            
6.516378            
6.189955            
6.335636            
6.177994            
6.007292            
6.676102            
5.999375            
7.076093            
7.581967            
7.858382            
7.164784            
7.192663            
6.726929            
6.841582            
10.447442           
6.298868            
7.326122            
5.528723            
7.051163            
8.222999            
6.933213            
6.784146            
5.987273            
8.241528            
7.186791            
9.093991            
6.077810            
8.013615            
7.611668            
6.140548            
6.380723            
5.644782            
6.925573            
7.076093            
8.169450            
6.050678            
7.926949            
5.297793            
6.303361            
8.074321            
7.167603            
7.724199            
7.942057            
8.074321            
6.512053            
7.914789            
7.901865            
7.289324            
7.697244            
6.774471            
6.587629            
7.520777            
6.002900            
8.036437            
6.933213            
7.594581            
8.534663            
6.402018            
8.534061            
8.770580            
6.801280            
7.881903            
5.545610            
6.035630            
7.266875            
6.567655            
7.475593            
9.826426            
6.596756            
6.443417            
8.944014            
6.276919            
6.072445            
6.730331            
6.910999            
6.966562            
6.247164            
5.528723            
7.397148            
6.877077            
7.230437            
6.189955            
8.511429            
7.184172            
5.999375            
7.014479            
7.097607            
5.939365            
6.740847            
7.226844            
6.208228            
6.464789            
7.699826            
6.667982            
6.606734            
6.913207            
6.443242            
7.349310            
6.945720            
8.470546            
6.562141            
5.744630            
5.880516            
7.255406            
7.297999            
6.322507            
7.858382            
7.925505            
6.516378            
8.723006            
8.393269            
7.606966            
6.621107            
8.419400            
7.140185            
6.018115            
6.888824            
7.997724            
6.548781            
9.041903            
7.723002            
6.667982            
6.407755            
6.496261            
6.503954            
7.061315            
5.836094            
7.270945            
7.020823            
6.933213            
6.298868            
7.353083            
7.284553            
5.672953            
7.776596            
7.192663            
7.775184            
7.628853            
7.126758            
7.402728            
6.788970            
7.113310            
7.417487            
8.449401            
6.458211            
6.561576            
7.516995            
7.009342            
9.521530            
7.993338            
6.892393            
6.585986            
8.503744            
7.947428            
6.016522            
7.392424            
6.776299            
6.497186            
10.038765           
6.103587            
7.788769            
8.761671            
7.076093            
7.224178            
6.776299            
6.985341            
7.255921            
7.392424            
7.220206            
9.706273            
5.630781            
6.538645            
7.058605            
6.861867            
6.690018            
6.893021            
7.072870            
7.906690            
6.351019            
5.756799            
7.297999            
6.298868            
7.593416            
6.719058            
5.909332            
7.560274            
8.159443            
7.076093            
5.717635            
6.340743            
6.304992            
7.225272            
6.998235            
7.673757            
6.110398            
7.374496            
8.421682            
6.407755            
6.239703            
7.902757            
7.085393            
8.013615            
8.547414            
8.524869            
7.184659            
6.243037            
7.331274            
6.163888            
7.316431            
6.081198            
7.014479            
6.520883            
6.193242            
7.051163            
7.831669            
5.640485            
8.783675            
7.266875            
6.263630            
7.326946            
7.198711            
6.310539            
6.822468            
