TST_STAT            
6.985741            
7.168590            
5.841111            
7.911946            
7.408679            
7.418949            
7.404792            
7.122755            
9.095921            
7.545627            
7.240287            
7.139167            
8.465467            
6.779199            
6.308343            
7.693908            
7.145505            
6.718565            
6.255234            
7.397023            
8.544718            
8.063910            
8.194680            
8.333218            
6.390648            
8.165217            
6.663627            
7.000129            
6.975839            
5.927690            
7.459527            
7.021059            
6.431484            
6.356988            
6.795807            
5.884410            
6.795807            
7.921550            
6.962774            
7.440772            
6.620698            
6.446428            
8.055856            
6.873397            
6.682212            
6.547465            
7.339874            
5.842161            
6.865439            
6.816433            
7.947542            
6.677777            
10.190834           
7.028806            
7.554898            
6.710472            
6.020279            
7.802162            
8.944968            
8.330125            
6.414807            
7.419787            
6.836109            
6.597736            
8.269873            
8.394809            
8.188045            
7.618837            
6.551366            
6.753945            
6.077857            
6.390684            
6.365968            
7.104051            
8.087630            
7.302757            
7.446915            
6.255234            
6.012580            
6.152070            
6.759283            
8.484625            
7.090177            
6.130900            
9.410826            
7.260651            
8.437590            
6.557170            
7.304572            
7.397023            
6.276318            
6.213111            
7.105427            
6.286245            
6.685072            
7.388259            
7.415909            
7.606971            
8.872986            
6.231086            
7.768676            
6.409312            
7.667677            
6.691263            
6.446428            
6.553711            
6.224960            
6.213111            
6.317935            
7.494315            
7.538557            
6.001892            
6.123862            
6.816433            
7.531094            
6.733809            
7.302757            
7.058408            
7.569535            
8.000407            
6.998640            
7.417179            
6.929252            
6.849832            
6.837359            
5.546687            
6.218013            
6.747667            
7.302757            
8.333218            
7.887726            
7.188988            
7.645043            
6.026481            
9.230144            
7.228566            
6.116299            
6.865400            
8.116713            
10.355443           
8.171378            
8.638717            
7.236165            
7.355551            
7.305830            
7.430618            
10.420602           
5.954344            
7.766722            
8.610422            
5.959296            
8.833935            
8.877203            
7.375097            
7.570225            
5.818592            
5.770344            
6.985741            
7.923260            
8.205543            
6.827929            
6.243195            
6.401930            
6.860108            
8.013561            
6.455081            
6.303986            
6.548580            
6.130620            
6.926880            
8.602145            
9.707051            
7.302757            
7.680902            
6.222090            
7.382951            
6.828039            
8.286836            
7.071457            
6.548580            
6.951540            
6.797395            
7.356381            
6.738117            
8.454993            
6.286069            
7.516490            
9.521437            
7.145505            
7.020310            
5.917924            
6.524718            
6.525717            
7.372634            
6.680587            
6.451538            
6.892048            
8.761034            
6.548580            
7.467291            
6.870318            
7.114907            
8.084896            
6.941524            
5.925202            
6.754413            
7.142269            
7.992932            
7.433678            
7.178386            
7.776357            
7.122755            
6.625384            
7.189798            
6.152070            
6.276813            
7.319466            
7.580205            
10.904609           
7.262529            
6.620698            
6.993905            
7.142269            
7.167115            
9.291938            
7.991467            
7.208840            
6.296290            
5.843189            
6.865439            
7.122755            
6.231903            
6.750311            
6.231903            
7.382951            
7.874990            
6.434007            
7.579971            
8.497507            
7.951005            
7.742771            
7.011483            
8.013561            
6.308343            
6.907811            
8.627868            
7.028094            
6.870318            
6.213111            
7.302757            
8.060258            
6.865439            
6.488132            
6.525447            
6.286245            
6.795807            
7.554277            
8.477622            
7.116926            
7.122755            
7.501135            
6.291217            
6.525717            
6.726997            
7.469898            
7.122755            
8.186336            
6.941524            
5.925202            
6.617573            
7.000129            
7.467291            
7.808834            
8.055856            
7.460989            
6.020279            
8.010240            
6.964715            
7.379815            
9.819284            
7.422418            
8.598011            
6.632162            
6.130900            
5.983229            
10.292591           
9.053968            
7.290797            
7.017640            
7.410910            
8.242691            
7.887726            
8.220770            
6.461057            
7.240287            
7.658680            
8.604983            
6.634585            
7.814532            
6.133987            
8.648404            
8.542513            
6.922984            
7.145505            
8.406961            
6.231086            
8.264394            
8.510612            
8.291509            
7.430618            
7.072929            
7.695891            
7.281883            
7.322273            
6.378527            
7.739268            
7.929869            
8.624235            
7.538370            
6.984050            
10.535791           
6.587107            
5.960762            
6.075156            
8.231209            
6.203293            
8.896744            
7.494315            
8.951254            
8.796441            
12.011261           
6.522619            
6.182969            
8.306737            
7.906360            
7.865809            
6.642062            
7.020310            
6.276318            
8.185579            
7.029542            
7.767816            
6.606415            
6.807185            
7.271568            
8.477622            
8.530443            
6.152070            
6.020279            
6.704261            
6.335140            
8.387465            
7.168590            
6.617180            
8.477622            
8.184814            
8.945729            
6.745917            
7.240287            
8.001586            
8.398825            
8.444177            
7.258868            
6.370419            
7.929869            
6.719317            
6.685072            
6.488132            
7.719719            
7.397023            
6.586898            
6.007220            
8.437590            
7.911946            
5.959976            
7.139660            
8.361469            
6.941132            
8.497507            
5.867191            
7.247092            
6.926880            
4.979420            
7.768676            
6.017010            
8.638717            
6.941524            
6.604738            
7.090177            
7.029307            
12.128608           
7.142269            
5.853647            
7.532110            
5.818592            
6.941524            
7.871342            
7.382951            
6.356325            
6.795807            
6.814457            
7.470226            
6.718344            
8.600534            
9.985402            
7.379815            
7.154982            
8.371832            
6.353355            
7.375097            
7.618437            
9.858545            
8.442166            
7.281883            
5.692732            
6.455343            
7.051230            
7.562563            
6.858882            
7.503585            
7.184538            
7.436107            
8.638717            
6.365968            
7.667232            
5.899688            
7.139660            
6.870318            
6.964715            
9.051041            
6.403756            
8.147961            
6.317244            
8.945087            
8.055856            
7.464376            
6.530287            
6.753945            
5.843189            
6.359359            
6.266212            
8.055856            
8.702625            
9.847381            
6.308343            
6.370419            
6.718565            
5.678985            
5.721071            
6.734043            
7.002993            
6.197448            
7.355551            
6.941524            
10.140527           
7.793578            
6.858368            
7.396394            
7.338319            
6.759283            
7.789130            
6.502284            
5.779290            
6.948302            
7.256919            
6.943976            
7.871342            
6.418942            
5.868985            
7.008760            
9.421664            
7.035345            
6.531529            
6.777865            
9.870032            
7.183453            
7.836731            
8.051572            
7.789130            
7.977176            
8.447475            
6.491089            
8.136408            
10.776362           
8.573913            
6.456433            
6.294441            
8.714056            
6.296290            
7.251406            
6.642062            
6.732019            
7.228566            
7.379815            
7.175969            
8.097899            
6.302800            
6.928657            
6.512627            
6.704261            
6.308343            
6.753945            
8.049060            
6.477913            
8.660429            
8.306925            
6.718190            
7.698953            
7.145505            
8.718610            
5.683528            
6.998640            
8.378392            
6.213111            
6.296290            
7.467576            
6.303986            
6.877353            
7.422418            
8.136408            
8.468044            
5.736098            
7.239832            
6.793675            
7.667232            
7.175963            
6.710472            
7.467291            
6.255234            
7.626369            
7.168590            
10.046972           
6.893456            
8.297303            
8.395229            
7.767816            
6.525860            
10.129810           
9.692866            
6.754413            
6.218013            
5.804999            
8.281875            
6.406345            
7.555377            
6.431896            
6.222090            
7.231288            
7.742771            
7.266025            
6.816433            
7.122755            
7.888819            
6.901902            
8.697568            
8.060258            
6.685072            
8.271167            
7.448594            
7.240287            
5.187213            
7.025286            
5.805370            
9.346901            
5.324424            
5.899688            
6.074959            
7.099841            
7.579971            
6.695885            
6.588830            
8.222069            
8.001586            
8.484625            
7.128224            
8.386917            
8.845074            
9.724721            
8.333218            
6.686142            
7.318905            
6.018696            
6.745917            
7.995561            
9.508944            
9.491046            
9.567927            
7.198929            
8.367816            
8.515819            
7.579971            
8.947139            
9.416513            
7.562563            
10.746789           
7.013073            
7.630942            
8.544434            
7.456847            
6.885283            
7.898890            
6.671298            
7.767816            
6.580413            
7.911386            
6.548580            
6.777865            
7.154982            
7.781359            
6.870318            
7.000129            
6.403756            
5.959976            
7.410910            
7.470226            
8.831545            
5.534757            
8.937185            
6.371478            
6.105327            
7.418097            
5.756143            
6.214965            
6.777865            
7.241698            
8.667379            
7.422418            
8.937185            
6.814457            
6.755156            
7.055121            
7.505942            
7.247092            
6.497990            
7.719460            
6.455343            
7.793578            
8.898209            
6.447549            
9.610075            
8.923674            
8.646843            
6.438203            
7.071457            
7.595217            
6.461057            
6.827929            
7.906360            
5.527608            
7.071457            
12.343922           
8.216940            
6.922984            
7.184538            
7.559785            
8.764432            
8.184814            
8.734276            
5.899688            
6.376767            
5.756143            
6.378527            
7.768899            
8.030988            
6.827929            
7.487933            
8.621144            
7.020310            
6.525717            
5.672049            
6.356988            
6.294441            
6.336618            
6.945964            
5.881915            
6.597736            
7.531094            
6.948302            
6.998352            
7.559785            
6.308343            
6.370419            
6.637576            
7.448594            
6.702547            
7.647562            
6.296290            
6.461057            
7.139167            
6.512627            
7.562563            
7.871342            
7.144936            
7.767816            
7.057377            
6.401930            
8.602145            
6.772252            
5.692732            
5.930595            
9.422286            
7.363275            
7.843699            
8.147186            
7.531094            
7.058408            
7.040447            
8.572941            
6.926880            
9.713576            
7.270153            
6.995770            
7.117676            
8.524463            
8.176986            
7.336002            
6.231086            
8.475446            
7.910448            
7.599597            
7.768676            
9.766476            
7.456792            
6.369951            
7.940116            
5.881915            
7.184538            
6.632162            
7.019455            
6.075156            
6.862466            
7.168590            
6.597736            
7.145505            
5.986247            
8.439675            
7.145505            
8.122040            
6.885283            
7.288859            
6.814457            
7.770539            
7.344761            
8.736600            
6.147430            
8.625334            
6.632162            
7.559785            
6.589227            
7.281883            
8.375364            
7.367409            
6.772313            
7.301947            
6.590287            
7.607387            
7.123038            
7.006519            
6.604738            
5.744282            
6.676397            
5.851277            
7.184538            
8.122040            
6.816874            
6.371478            
8.625099            
12.278418           
7.986471            
7.516490            
6.473749            
8.819993            
6.369951            
8.013561            
6.461057            
6.134682            
7.184538            
6.918154            
7.869176            
8.556559            
6.231903            
7.090177            
7.858675            
7.145505            
11.896884           
6.356988            
7.494729            
6.444969            
7.430618            
7.494315            
5.588164            
5.809980            
6.856246            
5.899688            
6.771288            
6.248826            
6.069249            
6.642062            
8.832837            
7.168802            
8.544434            
5.733090            
7.948803            
6.865439            
7.436107            
7.554277            
7.168590            
6.737982            
8.136408            
7.711196            
9.501551            
6.058618            
6.068098            
6.720872            
6.745917            
8.333218            
7.079433            
6.346450            
7.475454            
6.321064            
8.398825            
7.129312            
7.616809            
6.632162            
6.866142            
7.108503            
7.017150            
9.249104            
9.711257            
6.814457            
6.266412            
5.405078            
6.219589            
8.959417            
7.849703            
7.355551            
6.628318            
6.368546            
8.519130            
6.769430            
7.638662            
6.677777            
6.315432            
7.049770            
6.183560            
9.116148            
6.219589            
7.766722            
8.320718            
7.240287            
10.024156           
8.260239            
8.775959            
6.870318            
7.963857            
7.921550            
6.456192            
8.242691            
7.224321            
6.588830            
8.396550            
9.741875            
8.015788            
6.203293            
6.862466            
6.948318            
6.827929            
6.143806            
7.139660            
7.569464            
6.641019            
6.188362            
6.718565            
9.349789            
8.644583            
6.303986            
8.454993            
7.073436            
6.734043            
8.255887            
7.312895            
7.556192            
7.145505            
6.456433            
7.852899            
7.145505            
7.470318            
6.074959            
8.452055            
8.270497            
7.567338            
6.511125            
7.910534            
8.051572            
6.356988            
6.548580            
6.823777            
8.034123            
7.367409            
8.357929            
6.866018            
5.672620            
12.208575           
7.494315            
8.386622            
8.105303            
7.080382            
6.020279            
7.291316            
8.538731            
6.303986            
6.353355            
7.917596            
6.369951            
8.544434            
7.673345            
6.496998            
6.626464            
5.912647            
6.365968            
6.932893            
7.569535            
7.124410            
6.424014            
7.240287            
7.554277            
7.725969            
6.143806            
6.249029            
7.016391            
6.353355            
6.303986            
8.239473            
7.767816            
8.027488            
6.561052            
6.331852            
7.288859            
8.237750            
7.139167            
6.790517            
6.704261            
6.858368            
6.488132            
6.143806            
8.684612            
7.429744            
7.710042            
7.767816            
7.902270            
7.888819            
7.035401            
7.722025            
6.231903            
8.486580            
7.263995            
7.339874            
7.567338            
7.302757            
9.806361            
7.281407            
6.941524            
7.410103            
7.291264            
11.065493           
8.215067            
7.260651            
6.211750            
7.090177            
5.807127            
9.939799            
7.156963            
6.255234            
7.494315            
8.752685            
8.898209            
6.231086            
7.114907            
7.503585            
6.069249            
6.738197            
6.926880            
7.240287            
7.145505            
7.693740            
7.309959            
6.075156            
7.184538            
8.087799            
7.263167            
6.865439            
7.109080            
7.211785            
9.046521            
7.961435            
7.178386            
8.479941            
6.406345            
7.545504            
