                                 _____________________________

                                         SaTScan v9.7
                                 _____________________________


Program run on: Sun May  9 18:54:01 2021

Retrospective Space-Time analysis
scanning for clusters with high rates
using the Space-Time Permutation model.
_______________________________________________________________________________________________

SUMMARY OF DATA

Study period.......................: 2017/01/1 to 2017/12/31
Number of locations................: 2407
Total number of cases..............: 919
_______________________________________________________________________________________________

CLUSTERS DETECTED

1.Location IDs included.: 1838, 1819, 1854, 1837, 1841, 1809, 1821, 1846, 1852, 1804, 1839,
                          1818, 1875, 1848, 1829, 1835, 1858, 1862, 1843, 1870, 1825, 1853,
                          1820, 1861, 1806, 1850, 1660, 1805, 1814, 1857, 1867, 1866, 3117,
                          1831, 1864, 1865, 3141, 1856, 1801, 1800, 1810, 1811, 3130, 1834,
                          3123, 3144, 1644, 1855, 1661, 1649, 1663, 1635, 1665, 1871, 1826,
                          1640, 1672, 3109, 1851, 3106, 3111, 1808, 3119, 1667, 3129, 1859,
                          1653, 1812, 1816, 1823, 3159, 3105, 1634, 3148, 1824, 3147, 1849,
                          1822, 3140, 1662, 3112, 1845, 1630, 1827, 1868, 3120, 3150, 3154,
                          3155, 3153, 3165, 3168, 1639, 1666, 1873, 1802, 1863, 1817, 1830,
                          3158, 3127, 1813, 1832, 1836, 1828, 1807, 1815, 3107, 1631, 1638,
                          3160, 3149, 3137, 3152, 1803, 1833, 1844, 1872, 1874, 3110, 3156,
                          1652, 3126, 1840, 1869, 3162, 3114, 3118, 3124, 3145, 3151, 3143,
                          3108, 3113, 3133, 3136, 3164, 3104, 1131, 1648, 1669, 3128, 1645,
                          1860, 1141, 1155, 1058, 1127, 1129, 989, 995, 996, 1158, 1637, 1011,
                          3146, 1182, 972, 1063, 1215, 1210, 1659, 1008, 1010, 1207, 1147,
                          1655, 1089, 1202, 3169, 1003, 1052, 1143, 997, 1641, 1094, 1668,
                          1646, 1083, 1192, 1039, 965, 1069, 950, 1171, 1191, 1095, 1016, 3157,
                          1097, 1028, 1152, 3131, 1847, 1020, 3142, 3138, 1002, 1173, 1120,
                          1197, 1012, 1057, 1065, 1174, 1071, 1164, 1199, 1206, 2232, 1066,
                          1087
  Coordinates / radius..: (3.11955e+06,1.00682e+07) / 4117.36
  Time frame............: 2017/3/1 to 2017/3/31
  Number of cases.......: 18
  Expected cases........: 5.12
  Observed / expected...: 3.52
  Test statistic........: 9.844629
  P-value...............: 0.025
  Gumbel P-value........: 0.024

2.Location IDs included.: 3032, 3034, 3025, 3449, 3033, 3448, 3435, 3023, 3436, 3441, 2140,
                          3446, 3444, 3450, 2141, 3442, 2139, 3443, 3434, 3447, 3439, 3433,
                          1879, 1880, 3199, 3340, 3344, 2924, 2925, 934, 2926, 2927, 3198, 930,
                          3445, 905, 2137, 3437, 3440, 3068, 3438, 3197, 489, 487, 484, 3063,
                          915, 1905, 483, 904, 908, 929, 916, 920, 928, 901, 488, 914, 486,
                          3065, 1909, 3346, 3348, 451, 3070, 2138, 450, 449, 237, 1904, 923,
                          913, 917, 3342, 1881, 924, 485, 925, 931, 932, 912, 3347, 1249, 927
  Coordinates / radius..: (3.11431e+06,1.0093e+07) / 9830.55
  Time frame............: 2017/7/1 to 2017/7/31
  Number of cases.......: 8
  Expected cases........: 1.32
  Observed / expected...: 6.05
  Test statistic........: 7.742771
  P-value...............: 0.290
  Gumbel P-value........: 0.28

3.Location IDs included.: 273, 1942, 1943, 1944, 1947, 2530, 2531, 2537, 2544, 2546, 264, 297,
                          1954, 1946, 2961, 2928, 295, 2540, 298, 2934, 2954, 266, 2941, 2549,
                          2945, 2959, 1937, 2555, 1952, 1950, 2533, 1948, 1957, 2532, 2551,
                          2548, 2517, 2536, 2529, 2554, 2553, 2518, 2522, 2523, 2525, 2528,
                          2515, 2520, 2521, 2545, 2547, 2134, 2543, 2516, 2527, 2541, 2534,
                          2538, 2539, 2519, 2940, 2947, 2542, 2535, 283, 2943, 2955, 1240,
                          2556, 2946, 2526, 2524, 2550, 2944, 2958, 2552, 2932, 2939, 2951,
                          1248, 2133, 1955, 2963, 1934, 1938, 1953, 2950, 2136, 286, 300, 2931,
                          2952, 1229, 1230, 1231, 1232, 1234, 1235, 1236, 1237, 1238, 1239,
                          1242, 1243, 1246, 1247, 1251, 1252, 1253, 1254, 269, 1908, 2949, 263,
                          3122, 34, 84, 94, 294, 1233, 2962, 2227, 1250
  Coordinates / radius..: (3.1255e+06,1.00786e+07) / 6322.56
  Time frame............: 2017/9/1 to 2017/10/31
  Number of cases.......: 18
  Expected cases........: 6.29
  Observed / expected...: 2.86
  Test statistic........: 7.300040
  P-value...............: 0.440
  Gumbel P-value........: 0.44

4.Location IDs included.: 387, 392, 389, 397, 386, 390, 1993, 1990, 394, 1987, 395, 398, 393,
                          432, 391, 2591, 2603, 388, 2092, 2581, 385, 3641, 2590, 2595, 2583,
                          2605, 3655, 3656, 3668, 2598, 2091, 448, 1988, 1998, 1999, 2001,
                          2059, 2103, 2109, 396, 1994, 3636, 3652, 2002, 429, 2054, 2080, 2099,
                          1980, 3644, 2596, 2602, 3215, 3321, 203, 415, 438, 1985, 2000, 2056,
                          2066, 2072, 2083, 2093, 2115, 2116, 2125, 140, 3664, 1995, 146, 191,
                          2599, 430, 3226, 3240, 3264, 413, 2600, 167, 1989, 3638, 442, 435,
                          2582, 2584, 2585, 2587, 437, 416, 418, 420, 426, 447, 2058, 2061,
                          2062, 2068, 2073, 2074, 2077, 2079, 2082, 2086, 2096, 2102, 2108,
                          2113, 2114, 2117, 2121, 2122, 2123, 2124, 2127, 2084, 3646, 2098,
                          2104, 417, 425, 2588, 3273, 3290, 2126, 2564, 2574, 2065, 2106, 3287,
                          3328, 2568, 2087, 2110, 2070, 2071, 2128, 2129, 2130, 3217, 3282,
                          2572, 2575, 2579, 446, 2569, 2055, 2063, 2076, 2081, 2097, 2107,
                          2118, 3232, 3244, 3254, 3313, 3317, 3289, 2565, 2570, 2567, 3660,
                          3209, 421, 422, 423, 427, 441, 444, 1982, 2573, 2577, 3650, 2088,
                          2090, 2120, 2571, 2576, 2578, 2078, 2111, 3210, 1991, 433, 3319,
                          2563, 2060, 3639, 147, 158, 174, 428, 2566, 143, 445, 195, 440, 3237,
                          2057, 2067, 2075, 2101, 2105, 2100, 3653, 3293, 2580, 2592, 2594,
                          2597, 3219, 3230, 3312, 3654, 3645, 3643, 3216, 3220, 1992, 2112,
                          168, 2094, 3637, 3651, 3657, 3665, 3640, 1369, 130, 2064, 2089, 3213,
                          3236, 3222, 3647, 3658, 3661, 3667, 3669, 3670, 2053, 1792, 2069,
                          2095, 3648, 2119, 3663, 1786, 3662, 3284, 3315, 3326, 3211, 2085,
                          134, 170, 189, 176, 128, 3229, 3255, 3294, 1716, 1732, 1735, 1738,
                          1742, 1748, 1789, 1790, 1794, 1799, 424
  Coordinates / radius..: (3.13921e+06,1.00967e+07) / 11083.44
  Time frame............: 2017/12/1 to 2017/12/31
  Number of cases.......: 21
  Expected cases........: 8.17
  Observed / expected...: 2.57
  Test statistic........: 7.093210
  P-value...............: 0.541
  Gumbel P-value........: 0.52

5.Location IDs included.: 3589, 3530, 3537, 3538, 3590, 3583, 2767, 2693, 3553, 3573, 2824,
                          2878, 2689, 3525, 3557, 3560, 3517, 3523, 3527, 3534, 3543, 3550,
                          3570, 3552, 3562, 2758, 2881, 2618, 2625, 2651, 2670, 2671, 2686,
                          2694, 2710, 2726, 2729, 2745, 2749, 2766, 2774, 2847, 2879, 2885,
                          2904, 2842, 3551, 3587, 3594, 3588
  Coordinates / radius..: (3.12931e+06,1.01086e+07) / 1133.46
  Time frame............: 2017/11/1 to 2017/11/30
  Number of cases.......: 8
  Expected cases........: 1.65
  Observed / expected...: 4.86
  Test statistic........: 6.315432
  P-value...............: 0.849
  Gumbel P-value........: 0.86

6.Location IDs included.: 3310, 3278, 3257, 3246, 3260, 3298, 3261, 3270, 3251, 3272, 3207,
                          3263, 3280, 3235, 3292, 3269, 3274, 3303, 3252, 3218, 3253, 3302,
                          3221, 3277, 3316, 899, 922, 3300, 3286, 3279, 3320, 900, 926, 3224,
                          3322, 3327, 3233, 3250, 3311, 3242, 3228, 3227, 3223, 3234, 3259,
                          3265, 3266, 3267, 3268, 3275, 3281, 3288, 3324
  Coordinates / radius..: (3.12658e+06,1.00929e+07) / 2297.77
  Time frame............: 2017/9/1 to 2017/9/30
  Number of cases.......: 7
  Expected cases........: 1.27
  Observed / expected...: 5.50
  Test statistic........: 6.222090
  P-value...............: 0.893
  Gumbel P-value........: 0.89

7.Location IDs included.: 2367, 605, 635, 660, 664, 671, 717, 2313, 2333, 2362, 2467, 2504,
                          2297, 2503, 2493, 2299, 604, 2366, 2391, 2400, 2401, 2402, 2419,
                          2468, 2469, 587, 588, 591, 609, 610, 615, 662, 675, 688
  Coordinates / radius..: (3.12042e+06,1.00581e+07) / 735.34
  Time frame............: 2017/1/1 to 2017/1/31
  Number of cases.......: 5
  Expected cases........: 0.67
  Observed / expected...: 7.51
  Test statistic........: 5.756143
  P-value...............: 0.982
  Gumbel P-value........: 0.98

8.Location IDs included.: 208, 210, 207, 209, 214, 216, 880, 890, 895, 891, 314, 301, 896, 368,
                          383
  Coordinates / radius..: (3.11041e+06,1.00592e+07) / 1343.30
  Time frame............: 2017/6/1 to 2017/6/30
  Number of cases.......: 5
  Expected cases........: 0.68
  Observed / expected...: 7.36
  Test statistic........: 5.672049
  P-value...............: 0.992
  Gumbel P-value........: 0.99

9.Location IDs included.: 42, 101, 77, 100, 103, 115, 30, 60, 70, 75, 37, 114, 1892, 110, 126,
                          43, 52, 72, 74, 153, 201, 112, 122, 28, 65, 99, 1882, 1878, 1884,
                          1895, 82, 131, 156, 142, 36, 49, 96, 165, 1883, 123, 76, 102, 73,
                          1893, 33, 79, 1897, 41, 45, 48, 50, 1876, 1887, 1899, 66, 1886, 62,
                          1888, 85, 1890, 1891, 40, 47, 97, 80, 120, 67, 81, 44
  Coordinates / radius..: (3.12537e+06,1.00891e+07) / 1712.47
  Time frame............: 2017/3/1 to 2017/4/30
  Number of cases.......: 12
  Expected cases........: 3.92
  Observed / expected...: 3.06
  Test statistic........: 5.387147
  P-value...............: 0.997
  Gumbel P-value........: 1.00

Note: The coordinates file contains location IDs with identical coordinates that were combined
into one location. In the optional output files, combined locations are represented by a single
location ID as follows:
-----------------------------------------------------------------------------------------------
1000 : 1137
1002 : 1173
1005 : 1079, 968
1006 : 1030
1008 : 1010, 1207
1012 : 1057, 1065, 1174
1013 : 1115, 1153, 1167, 1189, 976, 998
1014 : 1132, 1205, 980
1015 : 1034, 1037, 1121, 1186
1022 : 1070, 1082, 1101, 957
1023 : 1145
1024 : 954
1028 : 1152
103 : 115, 30, 60, 70
1036 : 1053, 1080, 1110, 1113, 1118, 1172, 1190, 1216, 941, 943, 945, 948, 958, 977
1038 : 936
1039 : 965
1041 : 1050, 1072, 1104
1044 : 1081, 987
1045 : 944, 967, 979, 986
1048 : 1162
105 : 116, 117, 31, 69
1051 : 1200, 982
1052 : 1143, 997
1058 : 1127, 1129, 989, 995, 996
1060 : 1124
1062 : 1102
1063 : 1215
1064 : 1075
1066 : 1087
1071 : 1164
1076 : 1142, 1187
109 : 68, 78
1090 : 1139, 959
1091 : 975
1098 : 1156
110 : 126, 43, 52, 72, 74
1100 : 1214, 960
1109 : 949
1111 : 1149
1116 : 1138, 940
1117 : 1128
112 : 122, 28, 65, 99
1135 : 1196, 952, 963
1136 : 1140
1146 : 992
1157 : 1211
1159 : 1204, 990
1169 : 1195, 981
1179 : 939, 951
118 : 24, 51, 55, 57, 86, 92
1182 : 972
1199 : 1206
120 : 67, 81
121 : 58, 63, 91
1218 : 1222, 1225
1219 : 1224
1221 : 1228
1229 : 1230, 1231, 1232, 1234, 1235, 1236, 1237, 1238, 1239, 1242, 1243, 1246, 1247, 1251,
1252, 1253, 1254
123 : 76
1256 : 1260
1257 : 1261, 1262, 1268, 1274
1263 : 1267
1282 : 1285, 1286
1283 : 1302, 1303
1287 : 1289, 1290, 1292, 1293, 1297, 1301, 1307
1296 : 1304
1300 : 1305
1308 : 1309
131 : 156
1310 : 1315, 1325, 1348
1313 : 1330, 1345
1314 : 1334, 1346
1319 : 1323, 1347, 1349, 1361
1322 : 1338, 1341, 1343
1327 : 1329
133 : 157, 163
1331 : 1333
1336 : 1340
134 : 170, 189
135 : 175, 180, 190, 199
1357 : 1358, 1360
136 : 202
1363 : 1366
1377 : 1380
138 : 139, 172, 181, 182
1381 : 1427
1383 : 1410, 1413, 1414, 1418, 1443
1386 : 1411, 1430, 1440
1388 : 1400
1391 : 1405, 1426
1392 : 1402, 1441, 1442
1393 : 1403
1404 : 1424
1408 : 1417
1415 : 1454
1438 : 1452, 1455
145 : 164
1457 : 1470, 1490, 1493, 1530
1459 : 1463
146 : 191
1460 : 1524
1462 : 1474, 1507, 1526
147 : 158, 174
1471 : 1519, 1522
1472 : 1499, 1528
1473 : 1535
1475 : 1478, 1479, 1486, 1498, 1529, 1537, 1538
1480 : 1488, 1494, 1501, 1506, 1514, 1520
1481 : 1487, 1536
1483 : 1500, 1518, 1541
1484 : 1496
1492 : 1525
151 : 152
153 : 201
154 : 185, 198
1543 : 1552, 1569, 1576
1546 : 1551, 1572
1547 : 1555, 1564
1563 : 1574
1565 : 1573
1579 : 1580
1582 : 1584
1583 : 1586
159 : 205
1594 : 1599, 1600
1604 : 1607
1611 : 1629
1631 : 1638
1632 : 1650, 1651
1635 : 1665
1639 : 1666
1640 : 1672
1648 : 1669
1675 : 1676, 1678, 1681, 1682
1692 : 1693
1695 : 1705, 1706, 1718, 1754, 1766, 1777
1696 : 1750, 1791
1698 : 1699
1700 : 1771
1702 : 1740, 1778, 1797
1707 : 1712, 1781
1709 : 1760, 1770
1714 : 1721, 1761
1715 : 1746
1716 : 1732, 1735, 1738, 1742, 1748, 1789, 1790, 1794
1717 : 1753, 1756
1723 : 1728, 1736
1727 : 1764, 1779
1737 : 1745
1739 : 1741, 1773, 1785
1751 : 1775
177 : 194, 196
179 : 200
1800 : 1810, 1811
1802 : 1863
1803 : 1833, 1844, 1872
1827 : 1868
1831 : 1864
1832 : 1836
1840 : 1869
1843 : 1870
1846 : 1852
1876 : 1887, 1899
1877 : 1885, 1889, 1894, 1896, 1898, 1900
1878 : 1884, 1895
1879 : 1880
192 : 193
1925 : 1929, 1930
1928 : 1933
1934 : 1938, 1953
1935 : 1939, 1945, 1949, 1956, 1958
1936 : 1940, 1941
1942 : 1943, 1944, 1947
1962 : 1977
1970 : 1973
1981 : 1997
1985 : 2000
1988 : 1998, 1999, 2001
2004 : 2008, 2009, 2024
2017 : 2018, 2019
2029 : 2030
2033 : 2046
2040 : 2041
2054 : 2080, 2099
2055 : 2063, 2076, 2081, 2097, 2107, 2118
2056 : 2066, 2072, 2083, 2093, 2115, 2116, 2125
2057 : 2067, 2075, 2101, 2105
2058 : 2061, 2062, 2068, 2073, 2074, 2077, 2079, 2082, 2086, 2096, 2102, 2108, 2113, 2114,
2117, 2121, 2122, 2123, 2124, 2127
2059 : 2103, 2109
206 : 211
2064 : 2089
2065 : 2106
2069 : 2095
207 : 209, 214, 216
2070 : 2071, 2128, 2129, 2130
2078 : 2111
2087 : 2110
2088 : 2090, 2120
2098 : 2104
2148 : 2151, 2154, 2161, 2181, 2182, 2187, 2197
2149 : 2157
2152 : 2173
2158 : 2170, 2178, 2184
2163 : 2191
2177 : 2196
218 : 220
2218 : 2243, 2252, 2258, 2260, 2261
2220 : 2224, 2233, 2246, 2247, 2253, 2256
2231 : 2236, 2238
2235 : 2259
2237 : 2244
224 : 253
2240 : 2248
2242 : 2255
2268 : 2269
227 : 255
2271 : 2283, 2305, 2308, 2458
2272 : 2323, 2405
2273 : 2346, 2347, 2389, 2404, 2412, 2414
2274 : 2380
2279 : 2291, 2293, 2302, 2312, 2322, 2324, 2329, 2351, 2352, 2373, 2381, 2390, 2424, 2431,
2434, 2436, 2484
228 : 230
2280 : 2343, 2418, 2497
2281 : 2327, 2392, 2451, 2495
2282 : 2348, 2379, 2490
2284 : 2349
2285 : 2303
2289 : 2307, 2360, 2364, 2459, 2489, 2500
229 : 231
2290 : 2330, 2377, 2399
2292 : 2482
2294 : 2335, 2409, 2433, 2446, 2447, 2453, 2464, 2487
2295 : 2331, 2339
2296 : 2397, 2449
2297 : 2503
2298 : 2315, 2337, 2452, 2496
23 : 64
2300 : 2429, 2430, 2462, 2480
2301 : 2382, 2416, 2472, 2494
2304 : 2328, 2365, 2438, 2465
2306 : 2375, 2439, 2483
2309 : 2353, 2358, 2369, 2371, 2435, 2440, 2477
2310 : 2410, 2445
2316 : 2415, 2485
2317 : 2336, 2356, 2387, 2398, 2437, 2450, 2479
2318 : 2338, 2466
2319 : 2372, 2475
232 : 246
2320 : 2359, 2378, 2388, 2411, 2427, 2463, 2492
2325 : 2341, 2456, 2499
2333 : 2362, 2467, 2504
2334 : 2354, 2368, 2478
2340 : 2470, 2471, 2501
2342 : 2505
2344 : 2422
2345 : 2421
2350 : 2443, 2457
2355 : 2396, 2473, 2474
2363 : 2432
2366 : 2391, 2400, 2401, 2402, 2419, 2468, 2469
2386 : 2420
2423 : 2455
2441 : 2461
2448 : 2454
248 : 251
2510 : 2512
2516 : 2527, 2541
2518 : 2522, 2523, 2525, 2528
2520 : 2521, 2545, 2547
2524 : 2550
2530 : 2531, 2537, 2544, 2546
2532 : 2551
2534 : 2538
2558 : 2559
2564 : 2574
2565 : 2570
2571 : 2576, 2578
2572 : 2575, 2579
2573 : 2577
258 : 259
2580 : 2592, 2594, 2597
2582 : 2584, 2585, 2587
2583 : 2605
2586 : 2589, 2593, 2601
2590 : 2595
2596 : 2602
260 : 262
2612 : 2631
2616 : 2800
2618 : 2625, 2651, 2670, 2671, 2686, 2694, 2710, 2726, 2729, 2745, 2749, 2766, 2774, 2847,
2879, 2885, 2904
2619 : 2876
2621 : 2680
2623 : 2628
2624 : 2655, 2746, 2807, 2815, 2841, 2845, 2858
2626 : 2695, 2791, 2823, 2909
2632 : 2662
2633 : 2639, 2648, 2664, 2829, 2836
2637 : 2755, 2812
264 : 297
2640 : 2869, 2920
2643 : 2682, 2735, 2762, 2789
2644 : 2808
2645 : 2754, 2761, 2785
2646 : 2757, 2907, 2908
2647 : 2799, 2814, 2859, 2865
2654 : 2711, 2744, 2851
2656 : 2852, 2889
2660 : 2779
2661 : 2790, 2802
2663 : 2718
2668 : 2687, 2753, 2818, 2822, 2831, 2838, 2873, 2884
267 : 289
2674 : 2698
2675 : 2826, 2830
2676 : 2849
2677 : 2733, 2811, 2855, 2874, 2883
268 : 279, 281, 292
2683 : 2863, 2891
2691 : 2788, 2804
2692 : 2748, 2764, 2768, 2795, 2798, 2850, 2870, 2887, 2919
2696 : 2743, 2770
2697 : 2782
27 : 35, 39
270 : 274, 285, 290, 291
2701 : 2872
2702 : 2786, 2809, 2906
2703 : 2719
2705 : 2918
271 : 282
2713 : 2827
272 : 288
2728 : 2866
2730 : 2747, 2777
2731 : 2862
2737 : 2861
275 : 280
2750 : 2765, 2792, 2794
2751 : 2833, 2844
2759 : 2772, 2840, 2905
276 : 278
2763 : 2817, 2916
2780 : 2810
2783 : 2825
2784 : 2856, 2857
2803 : 2893
2824 : 2878
2854 : 2867
2886 : 2897, 2917
2926 : 2927
2930 : 2957
2931 : 2952
2934 : 2954
2944 : 2958
2945 : 2959
2965 : 2970, 2973, 3013
2969 : 2986
2974 : 2999, 3007, 3017
2976 : 2979
2977 : 2982
2980 : 3005, 3021
2987 : 3008
2993 : 3016
3002 : 3004
3003 : 3010
3022 : 3024, 3027, 3029, 3030, 3035, 3036, 3037, 3039, 3040
3043 : 3046, 3047, 3059
3045 : 3051, 3052, 3055
3048 : 3053
3054 : 3062
3069 : 3071
307 : 310
3072 : 3073, 3074, 3075, 3086, 3087, 3091, 3093, 3096, 3098, 3099, 3100, 3101, 3103
3076 : 3077
3084 : 3102
3092 : 3095, 3097
3106 : 3111
3108 : 3113
3118 : 3124, 3145, 3151
3120 : 3150
3137 : 3152
3153 : 3165, 3168
3154 : 3155
3173 : 3174, 3175, 3176, 3177, 3178, 3179, 3180, 3181, 3183, 3184, 3185, 3186, 3187, 3188,
3189, 3190, 3191, 3192, 3193, 3194
320 : 323, 325
3207 : 3263, 3280
3208 : 3301
3212 : 3231, 3243, 3283, 3296, 3304, 3305
3213 : 3236
3214 : 3225, 3256, 3262, 3306, 3307, 3308, 3309
3215 : 3321
3217 : 3282
3219 : 3230, 3312
3223 : 3234, 3259, 3265, 3266, 3267, 3268, 3275, 3281, 3288, 3324
3224 : 3322, 3327
3226 : 3240, 3264
3229 : 3255, 3294
3232 : 3244, 3254, 3313, 3317
3235 : 3292
3246 : 3260, 3298
3247 : 3248, 3249, 3258
3253 : 3302
326 : 330, 331, 336, 338, 348, 352, 353, 356
3269 : 3274
3271 : 3285
3284 : 3315, 3326
3295 : 3318
3299 : 3314
3329 : 3333
3334 : 3336
3346 : 3348
335 : 351, 354
3351 : 3355
3357 : 3365
3366 : 3367
3375 : 3384
3376 : 3379, 3395, 3404, 3405, 3409, 3411, 3414, 3417
3377 : 3378, 3381, 3391, 3398, 3401, 3402, 3410
3380 : 3382
3385 : 3390
3389 : 3406
3393 : 3400
3397 : 3416
34 : 84, 94
3412 : 3415
3421 : 3422
343 : 345
3444 : 3450
3451 : 3482
3456 : 3475, 3488, 3499, 3502, 3503
3457 : 3470, 3483
3459 : 3464
3460 : 3480, 3490
3463 : 3479, 3493
3481 : 3496
3491 : 3505
3492 : 3494
3507 : 3513, 3516, 3568
3510 : 3520, 3528, 3564, 3571, 3581, 3582
3511 : 3544, 3565
3512 : 3542, 3569, 3593
3514 : 3521, 3524, 3531, 3532, 3549, 3555, 3567, 3574, 3576, 3591
3515 : 3526, 3536, 3540, 3546, 3559, 3561, 3586, 3596
3517 : 3523, 3527, 3534, 3543, 3550, 3570
3522 : 3566, 3595
3525 : 3557, 3560
3530 : 3537, 3538, 3590
3535 : 3592
3539 : 3547, 3577
3551 : 3587, 3594
3552 : 3562
3553 : 3573
3563 : 3578, 3597
3599 : 3602
36 : 49, 96
3606 : 3607, 3608, 3610
3613 : 3616, 3620, 3625
3614 : 3619
3623 : 3632
3626 : 3633
3634 : 3635, 3642, 3649, 3659, 3666
3637 : 3651, 3657, 3665
3647 : 3658, 3661, 3667, 3669, 3670
3655 : 3656, 3668
3674 : 3675
3677 : 3701
368 : 383
3683 : 3705
3708 : 3716, 3723, 3735
3709 : 3724, 3733
3710 : 3722, 3725, 3726, 3730
3713 : 3715
3721 : 3728, 3732
375 : 384
40 : 47, 97
408 : 411
41 : 45, 48, 50
412 : 439, 443
416 : 418, 420, 426, 447
417 : 425
421 : 422, 423, 427, 441, 444
455 : 458
463 : 464, 468
472 : 473
480 : 482
492 : 517
493 : 503, 505, 513, 516
494 : 509, 511
496 : 499, 506
498 : 518
528 : 549, 575
529 : 530, 541, 578, 579, 582
53 : 93
532 : 571
54 : 56, 61
542 : 544, 576
545 : 566
547 : 567
551 : 563
555 : 568
559 : 562
572 : 577
574 : 580
587 : 588, 591, 609, 610, 615, 662, 675, 688
589 : 597, 643, 647, 659, 674, 701, 709, 711, 719
592 : 693, 706
593 : 697, 700, 718
599 : 608, 634
600 : 607, 676, 704, 722
601 : 611, 613, 637, 640, 691
602 : 682
603 : 713
605 : 635, 660, 664, 671, 717
614 : 624, 631, 654, 667, 677, 689
616 : 618, 642, 683, 696
617 : 625, 627, 649, 663, 721
620 : 641, 655, 678, 680
621 : 622, 665, 710
623 : 657, 658, 672, 686, 703, 707, 714, 716
628 : 661
632 : 638
633 : 636, 646, 652, 670, 673, 679, 705, 715
644 : 656
651 : 685, 694
687 : 690
692 : 698
71 : 98
712 : 720
725 : 726, 727, 730, 731
744 : 745
755 : 758, 765, 778, 789, 794, 797
756 : 764, 793
767 : 781, 800
769 : 770, 779, 802
772 : 777, 790, 796
774 : 784
785 : 787, 798
786 : 791
804 : 805
806 : 810
812 : 819, 820, 837, 849
816 : 824
827 : 853
830 : 843
840 : 841
842 : 851
854 : 855, 859, 865, 866, 868, 869, 870, 872, 873, 874, 881, 882, 885, 886, 887
856 : 860, 863
858 : 861, 884
864 : 875
871 : 879
878 : 883, 888
890 : 895
899 : 922
900 : 926
906 : 907, 911
916 : 920
925 : 931, 932
946 : 964
_______________________________________________________________________________________________

PARAMETER SETTINGS

Input
-----
  Case File        : F:\UCL\CEGE0042_STDM\Coursework\Data\AusRob17Psetting.cas
  Time Precision   : Day
  Start Time       : 2017/01/1
  End Time         : 2017/12/31
  Coordinates File : F:\UCL\CEGE0042_STDM\Coursework\Data\AusRobCoord.geo
  Coordinates      : Cartesian

Analysis
--------
  Type of Analysis        : Retrospective Space-Time
  Probability Model       : Space-Time Permutation
  Scan for Areas with     : High Rates
  Time Aggregation Units  : Month
  Time Aggregation Length : 1

Output
------
  Main Results File       : F:\UCL\CEGE0042_STDM\Coursework\Data\SaTScanResults17
  Cluster File            : F:\UCL\CEGE0042_STDM\Coursework\Data\SaTScanResults17.col.txt
  Cartesian Graph File    : F:\UCL\CEGE0042_STDM\Coursework\Data\SaTScanResults17.cluster.html
  Cluster File            : F:\UCL\CEGE0042_STDM\Coursework\Data\SaTScanResults17.cluster.col.dbf
  Stratified Cluster File : F:\UCL\CEGE0042_STDM\Coursework\Data\SaTScanResults17.cluster.sci.txt
  Stratified Cluster File : F:\UCL\CEGE0042_STDM\Coursework\Data\SaTScanResults17.cluster.sci.dbf
  Location File           : F:\UCL\CEGE0042_STDM\Coursework\Data\SaTScanResults17.cluster.gis.txt
  Location File           : F:\UCL\CEGE0042_STDM\Coursework\Data\SaTScanResults17.cluster.gis.dbf
  Simulated LLRs File     : F:\UCL\CEGE0042_STDM\Coursework\Data\SaTScanResults17.cluster.llr.txt
  Simulated LLRs File     : F:\UCL\CEGE0042_STDM\Coursework\Data\SaTScanResults17.cluster.llr.dbf

Data Checking
-------------
  Temporal Data Check     : Check to ensure that all cases and controls are within the specified temporal study period.
  Geographical Data Check : Check to ensure that all observations (cases, controls and populations) are within the specified geographical area.

Spatial Neighbors
-----------------
  Use Non-Euclidian Neighbors file : No
  Use Meta Locations File          : No
  Multiple Coordinates Type        : Allow only one set of coordinates per location ID.

Spatial Window
--------------
  Maximum Spatial Cluster Size : 50 percent of population at risk
  Window Shape                 : Circular

Temporal Window
---------------
  Minimum Temporal Cluster Size : 1 Month
  Maximum Temporal Cluster Size : 50 percent of study period

Cluster Restrictions
--------------------
  Minimum Cases in Cluster for High Rates : 2
  Restrict High Rate Clusters             : No

Space And Time Adjustments
--------------------------
  Adjust for Weekly Trends, Nonparametric : No

Inference
---------
  P-Value Reporting                  : Standard Monte Carlo
  Report Gumbel Based P-Values       : Yes
  Number of Replications             : 999
  Adjusting for More Likely Clusters : No

Spatial Output
--------------
  Automatically Launch Map                  : Yes
  Report Hierarchical Clusters              : Yes
  Criteria for Reporting Secondary Clusters : No Geographical Overlap
  Restrict Reporting to Smaller Clusters    : No

Temporal Graphs
---------------
  Produce Temporal Graphs : No

Other Output
------------
  Report Critical Values     : No
  Report Monte Carlo Rank    : No
  Print ASCII Column Headers : Yes

Run Options
-----------
  Processor Usage   : All Available Processors
  Suppress Warnings : No
  Logging Analysis  : Yes
_______________________________________________________________________________________________

Program completed  : Sun May  9 18:56:57 2021
Total Running Time : 2 minutes 56 seconds
Processor Usage    : 8 processors