                                 _____________________________

                                         SaTScan v9.7
                                 _____________________________


Program run on: Sun May  9 18:58:58 2021

Retrospective Space-Time analysis
scanning for clusters with high rates
using the Space-Time Permutation model.
_______________________________________________________________________________________________

SUMMARY OF DATA

Study period.......................: 2018/01/1 to 2018/12/31
Number of locations................: 2407
Total number of cases..............: 982
_______________________________________________________________________________________________

CLUSTERS DETECTED

1.Location IDs included.: 3198, 3199, 3197, 489, 487, 484, 483, 486, 488, 3444, 3450, 2137,
                          2140, 3443, 485, 1249, 3434, 1905, 1879, 1880, 3447, 2141, 1904,
                          1909, 237, 3449, 3436, 3446, 3441, 3201, 3034, 3442, 1907, 234, 1911,
                          1906, 3448, 1902, 3032, 223, 450, 1903, 449, 1233, 3025, 1229, 1230,
                          1231, 1232, 1234, 1235, 1236, 1237, 1238, 1239, 1242, 1243, 1246,
                          1247, 1251, 1252, 1253, 1254, 451, 1912, 1881, 1908, 1901, 904, 934,
                          1910, 3033, 930, 3203, 1888, 2138, 3206, 1248, 1951, 905, 239, 1883,
                          1877, 1885, 1889, 1894, 1896, 1898, 1900, 3435, 1890, 224, 253, 32,
                          1886, 1891, 1878, 1884, 1895, 916, 920, 87, 1892, 23, 64, 1897, 1882,
                          1876, 1887, 1899, 2552, 928, 3023, 109, 68, 78, 66, 3445, 3205, 1936,
                          1940, 1941, 82, 908, 1240, 2539, 102, 62, 3202, 1935, 1939, 1945,
                          1949, 1956, 1958, 105, 116, 117, 31, 69, 119, 26, 2535, 106, 1893,
                          2518, 2522, 2523, 2525, 2528, 33, 121, 58, 63, 91, 226, 3204, 3200,
                          225, 915, 2534, 2538, 124, 2520, 2521, 2545, 2547, 125, 101, 3437,
                          1245, 42, 103, 115, 30, 60, 70, 2543, 54, 56, 61, 44, 77, 89, 37,
                          2516, 2527, 2541, 2139, 243, 75, 1250, 925, 931, 932, 165, 41, 45,
                          48, 50, 2542, 3438, 113, 111, 100, 1241, 2529, 142, 25, 36, 49, 96,
                          3233, 2519, 46, 53, 93, 2548, 29, 227, 255, 114, 80, 912, 3440, 2526,
                          236, 900, 926, 913, 85, 3063, 901, 1955, 232, 246, 2532, 2551, 153,
                          201, 112, 122, 28, 65, 99, 1244, 110, 126, 43, 52, 72, 74, 3286, 914,
                          252, 131, 156, 899, 922, 2524, 2550, 3303, 40, 47, 97, 123, 76, 73,
                          929, 108, 79, 192, 193, 3272, 120, 67, 81, 235, 104, 3433, 3439,
                          3270, 247, 238, 1952, 1374, 3261, 71, 98, 229, 231, 95, 241, 245,
                          3207, 3263, 3280, 2549, 924, 3246, 3260, 3298, 1957, 248, 251, 141,
                          923, 3070, 1950, 1948, 3239, 129, 921, 927, 3310, 3278, 250, 3320,
                          910, 249, 3257, 3227, 919, 3224, 3322, 3327, 2925, 3291, 88, 3212,
                          3231, 3243, 3283, 3296, 3304, 3305, 1946, 2924, 917, 256, 3253, 3302,
                          3242, 2536, 3250, 3344, 1954, 933, 34, 84, 94, 2517, 3340, 240, 3300,
                          83, 145, 164, 2926, 2927, 221, 228, 230, 233, 3235, 3292, 1934, 1938,
                          1953, 148, 2515, 3218, 3251, 242, 3245, 2533, 38, 258, 259, 3238,
                          3269, 3274, 204, 2530, 2531, 2537, 2544, 2546, 154, 185, 198, 257,
                          3068, 3277, 2553, 244, 2555, 2540, 222, 1942, 1943, 1944, 1947, 3316,
                          3252, 59, 3221, 3325, 3297, 2556, 3064, 906, 907, 911, 273, 2941,
                          897, 1372, 2554, 254, 3223, 3234, 3259, 3265, 3266, 3267, 3268, 3275,
                          3281, 3288, 3324, 2586, 2589, 2593, 2601, 118, 24, 51, 55, 57, 86,
                          92, 3279, 3247, 3248, 3249, 3258, 3241, 3271, 3285, 3323, 918, 2604,
                          3276, 3214, 3225, 3256, 3262, 3306, 3307, 3308, 3309, 27, 35, 39,
                          3299, 3314, 3208, 3301, 3067, 3229, 3255, 3294, 3284, 3315, 3326,
                          1119, 3211, 3311, 166, 3228, 2961, 160, 909, 3213, 3236, 2923, 3295,
                          3318, 2136, 2133, 133, 157, 163, 3222, 3220, 3216, 3065, 3219, 3230,
                          3312, 2580, 2592, 2594, 2597, 184, 1027, 3293, 902, 134, 170, 189,
                          2134, 1181, 3237, 162, 1731, 2566, 132, 128, 264, 297, 1613, 903,
                          2563, 3116, 176, 107, 1937, 161, 898, 197, 3122, 1726, 2700, 173,
                          137, 1698, 1699, 2571, 2576, 2578, 3319, 2573, 2577, 1765, 2928,
                          3209, 2567, 2945, 2959, 3232, 3244, 3254, 3313, 3317
  Coordinates / radius..: (3.11708e+06,1.00876e+07) / 14223.83
  Time frame............: 2018/1/1 to 2018/1/31
  Number of cases.......: 34
  Expected cases........: 14.77
  Observed / expected...: 2.30
  Test statistic........: 9.305168
  P-value...............: 0.054
  Gumbel P-value........: 0.044

2.Location IDs included.: 1109, 949, 1055, 1098, 1156, 1148, 1112, 969, 1176, 1062, 1102, 1078,
                          1018, 935, 955, 1125, 1130, 1021, 1163, 1046, 1064, 1075, 1099, 1105,
                          1184, 1213, 1123, 1136, 1140, 1107, 1033, 1054, 1208, 1159, 1204,
                          990, 1203, 1032, 1049, 1000, 1137, 999, 1198, 974, 1038, 936, 1001,
                          946, 964, 1146, 992, 1035, 991, 1117, 1128, 961, 366, 1103, 1108,
                          379, 1029, 377, 1026, 966, 1180, 1168, 1185, 1060, 1124, 942, 1170,
                          1013, 1115, 1153, 1167, 1189, 976, 998, 1151, 1097, 1157, 1211, 1133,
                          1209, 1096, 988, 983, 1014, 1132, 1205, 980, 1068, 1005, 1079, 968,
                          953, 947, 1144, 994, 1175, 1201, 1041, 1050, 1072, 1104, 1077, 1019,
                          1015, 1034, 1037, 1121, 1186, 1093, 1126, 1076, 1142, 1187, 1106,
                          971, 1171, 1154, 1083, 962, 1160, 1100, 1214, 960, 374, 1116, 1138,
                          940, 1122, 1088, 1017, 1022, 1070, 1082, 1101, 957, 993
  Coordinates / radius..: (3.11353e+06,1.00692e+07) / 2543.28
  Time frame............: 2018/12/1 to 2018/12/31
  Number of cases.......: 14
  Expected cases........: 3.91
  Observed / expected...: 3.58
  Test statistic........: 7.823779
  P-value...............: 0.278
  Gumbel P-value........: 0.27

3.Location IDs included.: 2300, 2429, 2430, 2462, 2480, 2460, 2332, 2287, 2502, 630, 2317,
                          2336, 2356, 2387, 2398, 2437, 2450, 2479, 604, 692, 698, 2326, 2340,
                          2470, 2471, 2501, 695, 593, 697, 700, 718, 2297, 2503, 632, 638,
                          2333, 2362, 2467, 2504
  Coordinates / radius..: (3.12096e+06,1.00592e+07) / 911.11
  Time frame............: 2018/10/1 to 2018/10/31
  Number of cases.......: 7
  Expected cases........: 0.99
  Observed / expected...: 7.07
  Test statistic........: 7.701285
  P-value...............: 0.307
  Gumbel P-value........: 0.31

4.Location IDs included.: 550, 572, 577, 564, 573, 565, 536, 547, 567, 557, 556, 546, 581, 537,
                          561, 533, 531, 560, 552, 538, 558, 2189, 540, 2150, 2179, 2163, 2191,
                          555, 568, 2185, 2193, 584, 1918, 2152, 2173, 583, 529, 530, 541, 578,
                          579, 582, 543, 532, 571, 551, 563, 553, 542, 544, 576, 1342, 1324,
                          1916, 528, 549, 575, 1357, 1358, 1360, 534, 1350, 525, 1331, 1333,
                          2166, 1310, 1315, 1325, 1348, 585, 1919, 2174, 1335, 1359, 559, 562,
                          2164, 1339, 554, 1328, 2192, 1319, 1323, 1347, 1349, 1361, 1336,
                          1340, 2162, 2183, 545, 566, 2168, 1352, 2149, 2157, 1337, 2159, 1356,
                          2176, 1316, 2171, 1287, 1289, 1290, 1292, 1293, 1297, 1301, 1307,
                          569, 2165, 2160, 523, 548, 2155, 539, 2177, 2196, 535, 2190, 2760,
                          2148, 2151, 2154, 2161, 2181, 2182, 2187, 2197, 574, 580
  Coordinates / radius..: (3.12795e+06,1.0123e+07) / 10616.51
  Time frame............: 2018/5/1 to 2018/5/31
  Number of cases.......: 12
  Expected cases........: 3.54
  Observed / expected...: 3.39
  Test statistic........: 6.226722
  P-value...............: 0.890
  Gumbel P-value........: 0.92

5.Location IDs included.: 522, 520, 3343, 3339, 519, 521, 3356, 2263, 1595, 1601, 1594, 1599,
                          1600, 1593, 3353, 1598, 1597, 2265, 2270, 1596, 3362, 3341, 3345,
                          3028, 2172, 3347, 3342
  Coordinates / radius..: (3.10868e+06,1.01102e+07) / 8772.95
  Time frame............: 2018/11/1 to 2018/11/30
  Number of cases.......: 5
  Expected cases........: 0.67
  Observed / expected...: 7.48
  Test statistic........: 5.741942
  P-value...............: 0.991
  Gumbel P-value........: 0.99

Note: The coordinates file contains location IDs with identical coordinates that were combined
into one location. In the optional output files, combined locations are represented by a single
location ID as follows:
-----------------------------------------------------------------------------------------------
1000 : 1137
1002 : 1173
1005 : 1079, 968
1006 : 1030
1008 : 1010, 1207
1012 : 1057, 1065, 1174
1013 : 1115, 1153, 1167, 1189, 976, 998
1014 : 1132, 1205, 980
1015 : 1034, 1037, 1121, 1186
1022 : 1070, 1082, 1101, 957
1023 : 1145
1024 : 954
1028 : 1152
103 : 115, 30, 60, 70
1036 : 1053, 1080, 1110, 1113, 1118, 1172, 1190, 1216, 941, 943, 945, 948, 958, 977
1038 : 936
1039 : 965
1041 : 1050, 1072, 1104
1044 : 1081, 987
1045 : 944, 967, 979, 986
1048 : 1162
105 : 116, 117, 31, 69
1051 : 1200, 982
1052 : 1143, 997
1058 : 1127, 1129, 989, 995, 996
1060 : 1124
1062 : 1102
1063 : 1215
1064 : 1075
1066 : 1087
1071 : 1164
1076 : 1142, 1187
109 : 68, 78
1090 : 1139, 959
1091 : 975
1098 : 1156
110 : 126, 43, 52, 72, 74
1100 : 1214, 960
1109 : 949
1111 : 1149
1116 : 1138, 940
1117 : 1128
112 : 122, 28, 65, 99
1135 : 1196, 952, 963
1136 : 1140
1146 : 992
1157 : 1211
1159 : 1204, 990
1169 : 1195, 981
1179 : 939, 951
118 : 24, 51, 55, 57, 86, 92
1182 : 972
1199 : 1206
120 : 67, 81
121 : 58, 63, 91
1218 : 1222, 1225
1219 : 1224
1221 : 1228
1229 : 1230, 1231, 1232, 1234, 1235, 1236, 1237, 1238, 1239, 1242, 1243, 1246, 1247, 1251,
1252, 1253, 1254
123 : 76
1256 : 1260
1257 : 1261, 1262, 1268, 1274
1263 : 1267
1282 : 1285, 1286
1283 : 1302, 1303
1287 : 1289, 1290, 1292, 1293, 1297, 1301, 1307
1296 : 1304
1300 : 1305
1308 : 1309
131 : 156
1310 : 1315, 1325, 1348
1313 : 1330, 1345
1314 : 1334, 1346
1319 : 1323, 1347, 1349, 1361
1322 : 1338, 1341, 1343
1327 : 1329
133 : 157, 163
1331 : 1333
1336 : 1340
134 : 170, 189
135 : 175, 180, 190, 199
1357 : 1358, 1360
136 : 202
1363 : 1366
1377 : 1380
138 : 139, 172, 181, 182
1381 : 1427
1383 : 1410, 1413, 1414, 1418, 1443
1386 : 1411, 1430, 1440
1388 : 1400
1391 : 1405, 1426
1392 : 1402, 1441, 1442
1393 : 1403
1404 : 1424
1408 : 1417
1415 : 1454
1438 : 1452, 1455
145 : 164
1457 : 1470, 1490, 1493, 1530
1459 : 1463
146 : 191
1460 : 1524
1462 : 1474, 1507, 1526
147 : 158, 174
1471 : 1519, 1522
1472 : 1499, 1528
1473 : 1535
1475 : 1478, 1479, 1486, 1498, 1529, 1537, 1538
1480 : 1488, 1494, 1501, 1506, 1514, 1520
1481 : 1487, 1536
1483 : 1500, 1518, 1541
1484 : 1496
1492 : 1525
151 : 152
153 : 201
154 : 185, 198
1543 : 1552, 1569, 1576
1546 : 1551, 1572
1547 : 1555, 1564
1563 : 1574
1565 : 1573
1579 : 1580
1582 : 1584
1583 : 1586
159 : 205
1594 : 1599, 1600
1604 : 1607
1611 : 1629
1631 : 1638
1632 : 1650, 1651
1635 : 1665
1639 : 1666
1640 : 1672
1648 : 1669
1675 : 1676, 1678, 1681, 1682
1692 : 1693
1695 : 1705, 1706, 1718, 1754, 1766, 1777
1696 : 1750, 1791
1698 : 1699
1700 : 1771
1702 : 1740, 1778, 1797
1707 : 1712, 1781
1709 : 1760, 1770
1714 : 1721, 1761
1715 : 1746
1716 : 1732, 1735, 1738, 1742, 1748, 1789, 1790, 1794
1717 : 1753, 1756
1723 : 1728, 1736
1727 : 1764, 1779
1737 : 1745
1739 : 1741, 1773, 1785
1751 : 1775
177 : 194, 196
179 : 200
1800 : 1810, 1811
1802 : 1863
1803 : 1833, 1844, 1872
1827 : 1868
1831 : 1864
1832 : 1836
1840 : 1869
1843 : 1870
1846 : 1852
1876 : 1887, 1899
1877 : 1885, 1889, 1894, 1896, 1898, 1900
1878 : 1884, 1895
1879 : 1880
192 : 193
1925 : 1929, 1930
1928 : 1933
1934 : 1938, 1953
1935 : 1939, 1945, 1949, 1956, 1958
1936 : 1940, 1941
1942 : 1943, 1944, 1947
1962 : 1977
1970 : 1973
1981 : 1997
1985 : 2000
1988 : 1998, 1999, 2001
2004 : 2008, 2009, 2024
2017 : 2018, 2019
2029 : 2030
2033 : 2046
2040 : 2041
2054 : 2080, 2099
2055 : 2063, 2076, 2081, 2097, 2107, 2118
2056 : 2066, 2072, 2083, 2093, 2115, 2116, 2125
2057 : 2067, 2075, 2101, 2105
2058 : 2061, 2062, 2068, 2073, 2074, 2077, 2079, 2082, 2086, 2096, 2102, 2108, 2113, 2114,
2117, 2121, 2122, 2123, 2124, 2127
2059 : 2103, 2109
206 : 211
2064 : 2089
2065 : 2106
2069 : 2095
207 : 209, 214, 216
2070 : 2071, 2128, 2129, 2130
2078 : 2111
2087 : 2110
2088 : 2090, 2120
2098 : 2104
2148 : 2151, 2154, 2161, 2181, 2182, 2187, 2197
2149 : 2157
2152 : 2173
2158 : 2170, 2178, 2184
2163 : 2191
2177 : 2196
218 : 220
2218 : 2243, 2252, 2258, 2260, 2261
2220 : 2224, 2233, 2246, 2247, 2253, 2256
2231 : 2236, 2238
2235 : 2259
2237 : 2244
224 : 253
2240 : 2248
2242 : 2255
2268 : 2269
227 : 255
2271 : 2283, 2305, 2308, 2458
2272 : 2323, 2405
2273 : 2346, 2347, 2389, 2404, 2412, 2414
2274 : 2380
2279 : 2291, 2293, 2302, 2312, 2322, 2324, 2329, 2351, 2352, 2373, 2381, 2390, 2424, 2431,
2434, 2436, 2484
228 : 230
2280 : 2343, 2418, 2497
2281 : 2327, 2392, 2451, 2495
2282 : 2348, 2379, 2490
2284 : 2349
2285 : 2303
2289 : 2307, 2360, 2364, 2459, 2489, 2500
229 : 231
2290 : 2330, 2377, 2399
2292 : 2482
2294 : 2335, 2409, 2433, 2446, 2447, 2453, 2464, 2487
2295 : 2331, 2339
2296 : 2397, 2449
2297 : 2503
2298 : 2315, 2337, 2452, 2496
23 : 64
2300 : 2429, 2430, 2462, 2480
2301 : 2382, 2416, 2472, 2494
2304 : 2328, 2365, 2438, 2465
2306 : 2375, 2439, 2483
2309 : 2353, 2358, 2369, 2371, 2435, 2440, 2477
2310 : 2410, 2445
2316 : 2415, 2485
2317 : 2336, 2356, 2387, 2398, 2437, 2450, 2479
2318 : 2338, 2466
2319 : 2372, 2475
232 : 246
2320 : 2359, 2378, 2388, 2411, 2427, 2463, 2492
2325 : 2341, 2456, 2499
2333 : 2362, 2467, 2504
2334 : 2354, 2368, 2478
2340 : 2470, 2471, 2501
2342 : 2505
2344 : 2422
2345 : 2421
2350 : 2443, 2457
2355 : 2396, 2473, 2474
2363 : 2432
2366 : 2391, 2400, 2401, 2402, 2419, 2468, 2469
2386 : 2420
2423 : 2455
2441 : 2461
2448 : 2454
248 : 251
2510 : 2512
2516 : 2527, 2541
2518 : 2522, 2523, 2525, 2528
2520 : 2521, 2545, 2547
2524 : 2550
2530 : 2531, 2537, 2544, 2546
2532 : 2551
2534 : 2538
2558 : 2559
2564 : 2574
2565 : 2570
2571 : 2576, 2578
2572 : 2575, 2579
2573 : 2577
258 : 259
2580 : 2592, 2594, 2597
2582 : 2584, 2585, 2587
2583 : 2605
2586 : 2589, 2593, 2601
2590 : 2595
2596 : 2602
260 : 262
2612 : 2631
2616 : 2800
2618 : 2625, 2651, 2670, 2671, 2686, 2694, 2710, 2726, 2729, 2745, 2749, 2766, 2774, 2847,
2879, 2885, 2904
2619 : 2876
2621 : 2680
2623 : 2628
2624 : 2655, 2746, 2807, 2815, 2841, 2845, 2858
2626 : 2695, 2791, 2823, 2909
2632 : 2662
2633 : 2639, 2648, 2664, 2829, 2836
2637 : 2755, 2812
264 : 297
2640 : 2869, 2920
2643 : 2682, 2735, 2762, 2789
2644 : 2808
2645 : 2754, 2761, 2785
2646 : 2757, 2907, 2908
2647 : 2799, 2814, 2859, 2865
2654 : 2711, 2744, 2851
2656 : 2852, 2889
2660 : 2779
2661 : 2790, 2802
2663 : 2718
2668 : 2687, 2753, 2818, 2822, 2831, 2838, 2873, 2884
267 : 289
2674 : 2698
2675 : 2826, 2830
2676 : 2849
2677 : 2733, 2811, 2855, 2874, 2883
268 : 279, 281, 292
2683 : 2863, 2891
2691 : 2788, 2804
2692 : 2748, 2764, 2768, 2795, 2798, 2850, 2870, 2887, 2919
2696 : 2743, 2770
2697 : 2782
27 : 35, 39
270 : 274, 285, 290, 291
2701 : 2872
2702 : 2786, 2809, 2906
2703 : 2719
2705 : 2918
271 : 282
2713 : 2827
272 : 288
2728 : 2866
2730 : 2747, 2777
2731 : 2862
2737 : 2861
275 : 280
2750 : 2765, 2792, 2794
2751 : 2833, 2844
2759 : 2772, 2840, 2905
276 : 278
2763 : 2817, 2916
2780 : 2810
2783 : 2825
2784 : 2856, 2857
2803 : 2893
2824 : 2878
2854 : 2867
2886 : 2897, 2917
2926 : 2927
2930 : 2957
2931 : 2952
2934 : 2954
2944 : 2958
2945 : 2959
2965 : 2970, 2973, 3013
2969 : 2986
2974 : 2999, 3007, 3017
2976 : 2979
2977 : 2982
2980 : 3005, 3021
2987 : 3008
2993 : 3016
3002 : 3004
3003 : 3010
3022 : 3024, 3027, 3029, 3030, 3035, 3036, 3037, 3039, 3040
3043 : 3046, 3047, 3059
3045 : 3051, 3052, 3055
3048 : 3053
3054 : 3062
3069 : 3071
307 : 310
3072 : 3073, 3074, 3075, 3086, 3087, 3091, 3093, 3096, 3098, 3099, 3100, 3101, 3103
3076 : 3077
3084 : 3102
3092 : 3095, 3097
3106 : 3111
3108 : 3113
3118 : 3124, 3145, 3151
3120 : 3150
3137 : 3152
3153 : 3165, 3168
3154 : 3155
3173 : 3174, 3175, 3176, 3177, 3178, 3179, 3180, 3181, 3183, 3184, 3185, 3186, 3187, 3188,
3189, 3190, 3191, 3192, 3193, 3194
320 : 323, 325
3207 : 3263, 3280
3208 : 3301
3212 : 3231, 3243, 3283, 3296, 3304, 3305
3213 : 3236
3214 : 3225, 3256, 3262, 3306, 3307, 3308, 3309
3215 : 3321
3217 : 3282
3219 : 3230, 3312
3223 : 3234, 3259, 3265, 3266, 3267, 3268, 3275, 3281, 3288, 3324
3224 : 3322, 3327
3226 : 3240, 3264
3229 : 3255, 3294
3232 : 3244, 3254, 3313, 3317
3235 : 3292
3246 : 3260, 3298
3247 : 3248, 3249, 3258
3253 : 3302
326 : 330, 331, 336, 338, 348, 352, 353, 356
3269 : 3274
3271 : 3285
3284 : 3315, 3326
3295 : 3318
3299 : 3314
3329 : 3333
3334 : 3336
3346 : 3348
335 : 351, 354
3351 : 3355
3357 : 3365
3366 : 3367
3375 : 3384
3376 : 3379, 3395, 3404, 3405, 3409, 3411, 3414, 3417
3377 : 3378, 3381, 3391, 3398, 3401, 3402, 3410
3380 : 3382
3385 : 3390
3389 : 3406
3393 : 3400
3397 : 3416
34 : 84, 94
3412 : 3415
3421 : 3422
343 : 345
3444 : 3450
3451 : 3482
3456 : 3475, 3488, 3499, 3502, 3503
3457 : 3470, 3483
3459 : 3464
3460 : 3480, 3490
3463 : 3479, 3493
3481 : 3496
3491 : 3505
3492 : 3494
3507 : 3513, 3516, 3568
3510 : 3520, 3528, 3564, 3571, 3581, 3582
3511 : 3544, 3565
3512 : 3542, 3569, 3593
3514 : 3521, 3524, 3531, 3532, 3549, 3555, 3567, 3574, 3576, 3591
3515 : 3526, 3536, 3540, 3546, 3559, 3561, 3586, 3596
3517 : 3523, 3527, 3534, 3543, 3550, 3570
3522 : 3566, 3595
3525 : 3557, 3560
3530 : 3537, 3538, 3590
3535 : 3592
3539 : 3547, 3577
3551 : 3587, 3594
3552 : 3562
3553 : 3573
3563 : 3578, 3597
3599 : 3602
36 : 49, 96
3606 : 3607, 3608, 3610
3613 : 3616, 3620, 3625
3614 : 3619
3623 : 3632
3626 : 3633
3634 : 3635, 3642, 3649, 3659, 3666
3637 : 3651, 3657, 3665
3647 : 3658, 3661, 3667, 3669, 3670
3655 : 3656, 3668
3674 : 3675
3677 : 3701
368 : 383
3683 : 3705
3708 : 3716, 3723, 3735
3709 : 3724, 3733
3710 : 3722, 3725, 3726, 3730
3713 : 3715
3721 : 3728, 3732
375 : 384
40 : 47, 97
408 : 411
41 : 45, 48, 50
412 : 439, 443
416 : 418, 420, 426, 447
417 : 425
421 : 422, 423, 427, 441, 444
455 : 458
463 : 464, 468
472 : 473
480 : 482
492 : 517
493 : 503, 505, 513, 516
494 : 509, 511
496 : 499, 506
498 : 518
528 : 549, 575
529 : 530, 541, 578, 579, 582
53 : 93
532 : 571
54 : 56, 61
542 : 544, 576
545 : 566
547 : 567
551 : 563
555 : 568
559 : 562
572 : 577
574 : 580
587 : 588, 591, 609, 610, 615, 662, 675, 688
589 : 597, 643, 647, 659, 674, 701, 709, 711, 719
592 : 693, 706
593 : 697, 700, 718
599 : 608, 634
600 : 607, 676, 704, 722
601 : 611, 613, 637, 640, 691
602 : 682
603 : 713
605 : 635, 660, 664, 671, 717
614 : 624, 631, 654, 667, 677, 689
616 : 618, 642, 683, 696
617 : 625, 627, 649, 663, 721
620 : 641, 655, 678, 680
621 : 622, 665, 710
623 : 657, 658, 672, 686, 703, 707, 714, 716
628 : 661
632 : 638
633 : 636, 646, 652, 670, 673, 679, 705, 715
644 : 656
651 : 685, 694
687 : 690
692 : 698
71 : 98
712 : 720
725 : 726, 727, 730, 731
744 : 745
755 : 758, 765, 778, 789, 794, 797
756 : 764, 793
767 : 781, 800
769 : 770, 779, 802
772 : 777, 790, 796
774 : 784
785 : 787, 798
786 : 791
804 : 805
806 : 810
812 : 819, 820, 837, 849
816 : 824
827 : 853
830 : 843
840 : 841
842 : 851
854 : 855, 859, 865, 866, 868, 869, 870, 872, 873, 874, 881, 882, 885, 886, 887
856 : 860, 863
858 : 861, 884
864 : 875
871 : 879
878 : 883, 888
890 : 895
899 : 922
900 : 926
906 : 907, 911
916 : 920
925 : 931, 932
946 : 964
_______________________________________________________________________________________________

PARAMETER SETTINGS

Input
-----
  Case File        : F:\UCL\CEGE0042_STDM\Coursework\Data\AusRob18Psetting.cas
  Time Precision   : Day
  Start Time       : 2018/01/1
  End Time         : 2018/12/31
  Coordinates File : F:\UCL\CEGE0042_STDM\Coursework\Data\AusRobCoord.geo
  Coordinates      : Cartesian

Analysis
--------
  Type of Analysis        : Retrospective Space-Time
  Probability Model       : Space-Time Permutation
  Scan for Areas with     : High Rates
  Time Aggregation Units  : Month
  Time Aggregation Length : 1

Output
------
  Main Results File       : F:\UCL\CEGE0042_STDM\Coursework\Data\SaTScanResults18
  Cluster File            : F:\UCL\CEGE0042_STDM\Coursework\Data\SaTScanResults18.col.txt
  Cartesian Graph File    : F:\UCL\CEGE0042_STDM\Coursework\Data\SaTScanResults18.cluster.html
  Cluster File            : F:\UCL\CEGE0042_STDM\Coursework\Data\SaTScanResults18.cluster.col.dbf
  Stratified Cluster File : F:\UCL\CEGE0042_STDM\Coursework\Data\SaTScanResults18.cluster.sci.txt
  Stratified Cluster File : F:\UCL\CEGE0042_STDM\Coursework\Data\SaTScanResults18.cluster.sci.dbf
  Location File           : F:\UCL\CEGE0042_STDM\Coursework\Data\SaTScanResults18.cluster.gis.txt
  Location File           : F:\UCL\CEGE0042_STDM\Coursework\Data\SaTScanResults18.cluster.gis.dbf
  Simulated LLRs File     : F:\UCL\CEGE0042_STDM\Coursework\Data\SaTScanResults18.cluster.llr.txt
  Simulated LLRs File     : F:\UCL\CEGE0042_STDM\Coursework\Data\SaTScanResults18.cluster.llr.dbf

Data Checking
-------------
  Temporal Data Check     : Check to ensure that all cases and controls are within the specified temporal study period.
  Geographical Data Check : Check to ensure that all observations (cases, controls and populations) are within the specified geographical area.

Spatial Neighbors
-----------------
  Use Non-Euclidian Neighbors file : No
  Use Meta Locations File          : No
  Multiple Coordinates Type        : Allow only one set of coordinates per location ID.

Spatial Window
--------------
  Maximum Spatial Cluster Size : 50 percent of population at risk
  Window Shape                 : Circular

Temporal Window
---------------
  Minimum Temporal Cluster Size : 1 Month
  Maximum Temporal Cluster Size : 50 percent of study period

Cluster Restrictions
--------------------
  Minimum Cases in Cluster for High Rates : 2
  Restrict High Rate Clusters             : No

Space And Time Adjustments
--------------------------
  Adjust for Weekly Trends, Nonparametric : No

Inference
---------
  P-Value Reporting                  : Standard Monte Carlo
  Report Gumbel Based P-Values       : Yes
  Number of Replications             : 999
  Adjusting for More Likely Clusters : No

Spatial Output
--------------
  Automatically Launch Map                  : Yes
  Report Hierarchical Clusters              : Yes
  Criteria for Reporting Secondary Clusters : No Geographical Overlap
  Restrict Reporting to Smaller Clusters    : No

Temporal Graphs
---------------
  Produce Temporal Graphs : No

Other Output
------------
  Report Critical Values     : No
  Report Monte Carlo Rank    : No
  Print ASCII Column Headers : Yes

Run Options
-----------
  Processor Usage   : All Available Processors
  Suppress Warnings : No
  Logging Analysis  : Yes
_______________________________________________________________________________________________

Program completed  : Sun May  9 19:02:08 2021
Total Running Time : 3 minutes 10 seconds
Processor Usage    : 8 processors