TST_STAT            
7.478586            
5.989225            
7.965236            
7.230031            
9.864235            
6.688475            
6.861023            
6.744419            
6.245530            
6.460299            
6.720053            
6.879984            
6.680928            
8.825168            
7.007763            
8.903749            
7.603546            
9.373297            
7.359955            
8.611384            
7.359955            
6.744419            
7.190756            
7.383721            
7.864763            
7.955916            
9.392368            
6.861023            
6.927473            
6.964873            
6.150265            
7.508723            
8.726676            
7.106213            
9.429196            
8.416466            
6.601455            
8.323904            
7.180752            
7.643633            
6.203426            
8.662939            
8.748162            
10.701128           
6.728443            
10.067888           
7.035620            
8.139677            
7.478586            
7.246193            
6.680928            
8.543024            
6.714819            
6.603877            
5.779669            
7.968971            
7.057603            
7.921992            
7.715237            
8.209652            
6.978940            
8.013742            
8.748162            
6.556602            
7.643074            
7.426312            
10.069593           
6.136124            
9.152219            
6.129273            
7.917158            
6.808824            
6.870504            
8.112900            
6.677336            
6.272354            
5.932458            
6.158095            
7.239904            
8.134985            
6.269592            
9.794603            
6.401086            
6.034996            
6.063404            
5.932458            
9.389033            
8.737819            
7.108294            
6.832210            
6.098075            
6.757212            
6.645514            
7.442507            
9.899711            
10.285971           
6.540532            
8.772740            
8.188289            
7.737912            
8.890429            
5.941470            
8.069990            
6.597303            
6.800286            
5.728615            
6.089587            
7.014098            
6.697503            
6.100974            
8.457803            
7.029219            
6.729099            
7.042915            
7.359955            
7.984342            
7.417681            
7.380334            
7.483703            
6.697503            
6.786300            
7.636780            
6.899238            
8.453594            
7.603546            
6.971932            
7.472367            
7.482533            
7.978510            
7.222969            
6.326468            
6.900162            
7.359955            
7.112234            
7.373855            
7.955916            
6.093736            
8.278722            
7.594952            
7.111144            
6.666360            
5.959839            
7.591059            
6.380723            
8.726676            
5.852159            
7.501377            
9.428543            
6.033755            
6.034996            
7.069366            
8.321970            
7.279435            
5.897565            
7.500583            
6.045373            
7.109369            
7.471296            
7.021136            
5.596841            
6.597303            
5.791317            
8.322541            
9.635460            
7.230031            
8.442177            
8.863387            
7.359955            
7.106213            
8.915784            
8.571819            
6.718186            
6.196201            
7.145939            
6.357597            
7.414544            
7.643074            
6.385249            
7.475343            
8.062145            
6.655804            
7.612804            
7.732237            
8.572896            
7.206090            
7.893259            
6.504911            
5.852176            
6.791086            
6.435679            
7.417681            
8.774180            
8.332348            
7.955916            
7.692963            
6.147258            
6.849083            
6.984913            
8.070232            
5.992750            
6.855768            
6.598406            
9.626847            
7.551390            
7.818106            
8.705796            
7.184468            
8.246288            
6.041891            
6.365348            
7.509944            
7.208701            
7.800912            
8.552974            
7.413177            
7.995642            
7.027641            
6.152842            
7.035620            
6.507469            
8.725378            
7.070104            
6.779619            
7.417681            
7.803472            
6.089587            
6.491537            
6.992696            
6.296033            
6.870483            
6.825102            
6.941560            
9.953946            
7.604263            
7.417681            
6.877118            
5.950941            
7.069366            
5.515856            
9.729675            
7.812208            
6.057535            
8.380497            
6.215954            
6.895813            
6.435739            
6.736556            
8.212259            
7.061287            
7.919194            
7.785713            
8.572896            
8.254542            
7.583028            
7.426312            
6.455499            
6.468823            
6.409266            
7.014098            
7.398805            
6.735739            
8.069990            
8.085784            
7.279435            
7.647700            
7.156841            
6.738282            
7.642471            
9.168972            
9.761285            
10.277686           
7.700637            
8.970928            
5.903818            
6.765814            
6.444479            
7.809861            
6.832210            
7.508723            
8.209276            
7.758520            
6.786203            
7.426312            
7.284864            
7.947029            
8.734974            
6.960882            
6.311104            
7.829490            
6.195846            
6.714819            
9.194418            
6.254611            
7.521070            
10.286200           
7.180726            
6.387875            
6.556602            
9.602864            
6.034996            
8.664856            
7.482612            
7.594069            
7.995642            
8.681752            
6.566630            
7.061287            
7.758520            
7.334171            
7.463328            
7.754035            
7.758520            
7.417681            
7.967976            
7.701285            
7.519909            
6.751987            
6.456610            
7.563611            
8.611384            
6.495725            
10.131875           
8.845984            
7.453320            
6.416615            
8.699882            
5.940295            
6.976854            
7.061287            
6.980727            
9.032343            
9.906541            
9.725992            
6.530464            
7.611848            
8.219817            
7.994462            
7.032437            
7.239904            
9.533454            
6.680928            
9.111736            
7.132856            
6.411889            
7.359955            
6.811023            
9.325009            
6.946273            
6.314544            
6.704324            
7.625543            
6.873953            
8.480193            
8.945087            
6.460660            
9.481229            
7.051103            
10.701843           
8.442177            
7.899258            
7.091544            
6.411889            
7.143710            
7.613016            
6.326468            
6.861023            
7.279435            
6.411889            
6.751987            
7.023965            
8.208633            
7.284864            
5.989225            
7.724390            
6.015483            
7.593603            
7.214450            
8.461159            
6.318002            
7.768171            
7.061287            
8.261285            
7.061287            
6.004572            
8.734974            
8.299394            
6.602349            
7.508644            
6.221886            
7.603546            
8.540840            
6.365091            
7.600318            
9.429196            
6.460660            
5.493586            
5.954728            
7.007763            
6.535186            
6.487482            
9.147576            
6.203426            
6.955952            
6.832598            
7.729323            
6.152842            
8.142969            
5.872361            
8.069990            
6.130263            
7.704900            
6.116713            
6.744419            
7.929032            
6.899639            
7.181482            
8.094275            
6.980727            
6.311104            
6.161710            
7.359955            
6.800286            
7.508723            
7.500583            
7.094411            
7.014098            
6.874167            
7.208701            
6.898972            
7.187525            
6.653416            
7.456111            
8.051076            
7.361164            
7.478586            
6.856554            
7.359955            
7.568721            
9.408505            
6.089587            
6.196201            
9.452735            
6.765814            
7.394930            
6.978972            
8.226052            
6.460660            
6.667333            
7.789574            
8.018892            
8.109025            
8.533985            
6.135922            
5.951166            
7.417681            
5.745315            
8.803781            
6.941560            
7.359955            
6.700156            
6.813911            
7.105594            
5.869415            
6.625332            
6.832210            
6.618757            
7.417681            
9.739411            
7.373855            
10.201188           
7.428938            
6.034996            
7.513547            
8.015395            
6.730977            
6.953330            
7.063424            
6.957110            
7.640137            
8.428731            
5.935889            
6.034996            
5.484951            
9.441868            
8.249263            
6.953430            
7.708535            
7.507567            
8.791251            
6.221619            
6.641134            
6.727599            
6.755285            
8.518402            
7.842589            
6.491537            
7.291669            
7.294535            
6.597303            
7.601184            
6.751987            
6.825102            
6.460660            
7.397336            
7.279435            
6.644060            
7.424477            
6.847622            
6.697503            
6.704324            
7.359955            
7.488413            
6.883349            
8.226445            
6.862022            
7.727636            
7.999826            
6.495746            
8.605493            
7.373855            
6.905922            
8.619216            
8.136997            
7.373855            
7.671457            
7.417681            
6.505476            
8.813591            
6.493782            
6.847622            
6.658207            
6.629517            
7.317664            
7.261072            
7.519909            
6.600872            
9.341663            
7.239904            
7.359955            
9.663693            
6.409266            
6.015959            
6.262004            
5.917788            
6.234055            
6.921434            
7.591059            
6.884269            
6.907288            
6.317377            
6.269681            
7.838782            
8.555154            
7.508723            
7.230031            
8.731555            
8.167144            
9.924825            
7.180726            
7.955916            
9.768373            
8.052998            
6.037079            
8.480193            
7.142264            
6.755285            
8.198475            
6.941560            
6.646746            
8.242434            
6.812721            
7.202950            
7.359955            
7.596373            
7.669063            
7.824220            
7.239904            
6.744419            
7.671457            
8.688470            
7.612804            
5.639842            
7.149753            
6.422442            
7.624720            
7.317664            
7.373855            
8.552974            
6.743800            
5.947110            
10.268946           
6.227060            
9.906541            
7.069366            
6.597303            
6.629517            
6.861023            
6.633655            
8.263596            
6.533952            
7.882335            
7.437063            
7.571173            
8.874174            
6.679350            
8.167144            
8.518402            
6.451601            
9.545318            
8.226052            
7.708535            
7.824220            
8.813591            
7.284744            
7.056559            
7.433518            
6.451601            
6.858989            
6.203426            
7.101829            
7.014098            
6.906356            
7.120638            
8.442177            
6.318002            
6.537539            
7.563611            
6.195846            
7.317664            
6.917401            
7.122017            
6.662680            
10.366514           
6.591459            
6.262004            
6.856554            
7.500583            
7.886799            
8.667372            
5.843199            
9.477797            
7.145939            
6.223192            
7.032437            
6.034996            
6.542467            
6.898972            
6.451543            
6.992386            
7.417681            
9.182964            
8.860035            
8.375259            
6.829857            
6.879984            
6.144241            
6.203426            
6.147258            
8.314407            
6.905774            
8.572896            
7.091024            
7.550258            
7.855498            
7.230031            
7.624720            
7.113310            
7.313899            
7.295374            
8.167144            
8.727966            
7.521699            
8.184548            
8.313432            
9.820592            
6.905774            
6.497877            
8.877102            
7.607319            
6.411889            
8.056712            
7.375615            
8.655764            
7.239904            
6.945839            
8.254542            
7.596373            
7.551390            
7.677306            
6.724871            
6.556602            
8.121288            
6.087656            
8.213969            
6.623785            
8.016251            
5.523021            
8.803781            
7.731660            
6.522611            
6.089587            
7.145409            
7.274483            
6.413829            
6.829165            
6.407179            
7.627539            
6.161710            
6.856554            
6.087656            
7.508723            
7.583028            
6.131325            
7.591059            
7.007763            
7.397336            
6.746221            
6.479102            
6.176232            
8.521860            
7.596373            
7.508723            
8.813591            
7.898426            
7.073073            
6.834360            
6.569824            
7.947029            
8.113511            
7.190625            
8.513963            
7.371662            
6.856554            
6.385249            
6.294617            
6.793733            
7.123183            
6.034996            
6.451601            
7.395049            
6.155598            
8.209652            
9.521867            
7.919194            
7.485251            
8.062145            
6.550578            
8.121288            
6.370600            
5.925388            
7.583875            
6.837489            
6.961783            
7.014098            
6.365091            
7.016039            
8.552974            
8.747888            
6.964559            
8.308702            
6.380723            
9.223284            
7.594069            
7.091637            
7.371662            
8.682748            
7.769586            
7.231181            
7.563611            
6.131325            
6.950407            
7.163989            
5.903820            
5.882098            
7.935815            
6.091822            
7.417681            
7.246193            
6.818835            
6.744419            
8.599889            
8.113545            
7.360519            
9.459936            
6.891920            
6.727599            
6.169637            
7.337768            
6.934801            
9.154171            
6.633655            
8.068237            
8.533985            
5.969121            
7.359955            
6.311104            
7.643074            
6.547741            
6.300769            
7.947477            
5.548668            
6.451601            
6.495725            
7.342079            
6.861023            
6.586780            
6.018191            
5.917788            
7.073845            
8.586876            
7.371662            
6.714484            
7.180726            
7.181482            
7.246193            
6.451601            
8.968362            
7.385358            
6.856554            
7.856333            
6.644060            
7.636780            
6.980115            
7.652006            
8.705796            
7.073073            
7.913985            
8.001109            
9.337336            
7.248575            
6.644060            
8.572896            
7.852004            
6.635254            
7.580788            
7.062289            
6.757226            
5.903820            
7.732237            
6.157255            
8.310661            
6.089587            
6.610866            
8.167144            
6.600872            
6.905922            
6.603877            
7.486560            
8.578565            
8.998656            
6.034996            
6.413829            
7.856812            
7.466792            
6.697503            
7.269758            
9.245346            
7.471997            
7.073683            
10.084029           
8.780483            
7.810591            
7.524076            
6.305615            
6.342699            
9.586043            
8.927296            
6.203426            
8.436447            
7.269758            
6.984902            
7.091000            
7.753271            
6.878925            
7.896987            
8.860788            
8.069990            
6.800286            
8.052998            
5.903156            
7.180726            
8.139677            
7.133700            
6.751987            
7.044820            
6.795215            
7.932463            
8.024708            
6.418667            
6.380723            
7.156841            
9.524990            
6.015959            
9.603746            
6.667333            
7.417681            
8.444901            
7.279435            
7.886799            
6.812463            
7.014098            
7.095588            
6.775070            
7.261072            
7.919194            
9.392368            
8.863387            
7.902730            
8.062145            
6.451601            
8.142969            
9.033867            
7.069366            
7.350757            
7.500583            
6.899238            
7.955916            
7.853868            
6.873636            
8.190648            
7.014098            
9.078917            
7.279435            
7.049694            
9.304063            
7.378188            
6.326468            
7.342725            
6.872319            
7.073073            
7.404048            
8.098942            
6.444479            
7.013411            
9.338102            
8.167144            
7.658667            
5.669334            
6.175633            
6.625332            
6.751987            
9.155433            
6.411889            
7.218874            
8.895119            
7.091000            
7.471296            
6.374125            
5.903818            
7.232434            
6.426541            
7.069366            
8.526088            
9.242307            
7.603083            
7.275234            
7.243659            
6.980115            
6.435739            
6.318002            
8.952406            
6.034996            
7.947477            
6.847524            
5.815135            
6.380723            
7.150236            
6.152842            
7.732237            
7.551390            
6.808824            
7.079430            
7.229477            
6.301118            
6.203426            
6.846266            
7.563611            
7.734704            
6.369936            
6.015483            
7.519909            
6.653416            
9.162512            
7.032437            
6.832210            
7.508723            
8.731555            
8.803781            
8.589375            
8.717988            
7.069366            
6.786203            
7.591059            
7.600318            
6.382332            
10.201188           
7.551390            
6.786203            
9.121366            
